40, 86, 71, 126, 197, 78, 100, 153, 88, 44, 141, 81, 51, 37, 89, 102, 175, 170, 43, 148, 23, 116, 18, 103, 9, 60, 80, 183, 127, 56, 42, 7, 72, 13, 73, 50, 199, 10, 96, 117, 187, 52, 150, 157, 47, 113, 162, 172, 146, 110, 21, 151, 171, 111, 2, 178, 147, 16, 123, 65
30, 190, 44, 102, 135, 98, 141, 88, 77, 162, 160, 114, 156, 128, 199, 105, 25, 181, 183, 164, 137, 195, 136, 129, 144, 94, 122, 56, 143, 55, 75, 54, 10, 165, 92, 20, 74, 35, 65, 139, 9, 73, 152, 85, 21, 8, 78, 5, 196, 106, 24, 101, 1, 176, 70, 32, 192, 27, 48, 186
61, 49, 67, 176, 129, 32, 105, 51, 194, 16, 137, 163, 75, 6, 187, 38, 98, 64, 178, 156, 59, 9, 104, 101, 157, 13, 162, 100, 102, 106, 50, 60, 149, 167, 155, 191, 55, 174, 183, 53, 25, 56, 147, 132, 197, 79, 200, 19, 87, 177, 63, 139, 113, 181, 5, 23, 192, 43, 52, 141
148, 123, 189, 117, 176, 170, 103, 72, 11, 26, 61, 194, 188, 85, 131, 147, 17, 31, 137, 8, 113, 78, 13, 56, 39, 97, 125, 90, 98, 19, 38, 120, 130, 111, 41, 126, 92, 115, 179, 43, 30, 75, 82, 144, 42, 200, 154, 118, 23, 167, 155, 105, 84, 96, 104, 149, 59, 171, 65, 166
175, 153, 90, 126, 29, 36, 123, 121, 93, 5, 7, 92, 129, 181, 66, 137, 57, 41, 132, 109, 21, 32, 42, 97, 45, 16, 94, 87, 56, 2, 37, 177, 75, 145, 196, 171, 111, 104, 101, 156, 194, 124, 141, 61, 49, 113, 176, 163, 164, 146, 25, 135, 131, 6, 157, 14, 31, 39, 77, 17
140, 43, 33, 4, 113, 173, 183, 130, 132, 67, 191, 85, 175, 185, 44, 120, 93, 77, 129, 46, 57, 24, 99, 186, 153, 160, 8, 117, 34, 60, 11, 184, 36, 94, 51, 19, 15, 197, 87, 150, 9, 72, 144, 98, 96, 7, 167, 80, 149, 126, 146, 38, 35, 141, 41, 32, 68, 133, 86, 157
21, 190, 51, 197, 112, 74, 37, 133, 170, 65, 18, 119, 25, 162, 105, 107, 14, 163, 121, 70, 194, 84, 165, 184, 130, 80, 89, 173, 45, 33, 129, 188, 174, 171, 176, 160, 147, 24, 26, 44, 49, 66, 91, 93, 136, 83, 115, 98, 101, 52, 108, 2, 166, 161, 62, 126, 182, 195, 20, 192
114, 190, 102, 118, 160, 29, 147, 86, 65, 108, 44, 150, 46, 200, 17, 28, 82, 157, 141, 140, 54, 58, 37, 126, 189, 152, 19, 50, 84, 27, 40, 6, 59, 145, 136, 183, 100, 187, 63, 197, 130, 43, 95, 122, 168, 191, 91, 161, 174, 55, 78, 15, 79, 159, 75, 146, 25, 66, 123, 31
200, 156, 59, 42, 115, 132, 28, 120, 177, 122, 24, 160, 189, 143, 102, 161, 118, 158, 149, 52, 198, 21, 84, 147, 188, 40, 15, 68, 31, 6, 171, 45, 46, 140, 36, 173, 108, 185, 70, 48, 13, 144, 53, 93, 176, 75, 71, 186, 88, 78, 105, 141, 83, 179, 119, 94, 175, 90, 63, 191
54, 199, 109, 60, 120, 2, 166, 88, 134, 50, 185, 38, 26, 194, 128, 200, 25, 12, 117, 39, 124, 105, 102, 154, 68, 119, 159, 49, 115, 123, 55, 53, 184, 135, 107, 197, 14, 57, 172, 141, 32, 91, 152, 169, 74, 171, 21, 52, 106, 156, 170, 183, 168, 75, 16, 19, 132, 63, 140, 178
194, 73, 94, 10, 155, 189, 121, 116, 115, 83, 140, 198, 69, 138, 97, 61, 197, 84, 78, 11, 142, 8, 158, 50, 123, 12, 68, 172, 64, 176, 162, 179, 185, 4, 25, 27, 159, 59, 80, 174, 148, 196, 166, 48, 141, 19, 28, 74, 7, 108, 102, 53, 149, 63, 103, 76, 38, 173, 182, 32
18, 187, 113, 30, 197, 184, 74, 181, 192, 4, 55, 199, 85, 125, 186, 15, 71, 3, 57, 25, 36, 6, 148, 67, 195, 149, 49, 158, 60, 167, 147, 77, 140, 110, 28, 80, 82, 106, 145, 34, 173, 44, 154, 108, 5, 105, 94, 14, 38, 24, 122, 27, 84, 103, 188, 87, 162, 171, 137, 112
196, 29, 24, 75, 124, 45, 192, 176, 18, 181, 34, 96, 31, 98, 36, 6, 28, 106, 159, 170, 178, 85, 193, 142, 27, 175, 74, 41, 160, 70, 157, 56, 158, 33, 91, 94, 59, 88, 177, 47, 1, 184, 32, 189, 43, 42, 101, 81, 20, 64, 49, 38, 17, 118, 139, 116, 187, 128, 152, 174
51, 97, 100, 105, 79, 38, 29, 74, 61, 198, 103, 158, 66, 116, 55, 112, 156, 147, 65, 109, 98, 14, 56, 18, 199, 43, 138, 85, 35, 189, 164, 108, 160, 149, 119, 142, 39, 40, 175, 1, 16, 141, 170, 15, 154, 180, 171, 130, 10, 165, 101, 163, 117, 22, 33, 110, 135, 120, 104, 174
166, 74, 174, 54, 62, 78, 52, 26, 194, 189, 79, 126, 3, 41, 56, 176, 85, 22, 65, 173, 48, 122, 23, 68, 51, 118, 142, 89, 113, 43, 144, 199, 141, 98, 2, 13, 109, 185, 77, 71, 58, 61, 42, 1, 191, 179, 82, 177, 146, 57, 28, 183, 171, 46, 196, 127, 11, 53, 75, 95
192, 37, 106, 177, 65, 47, 104, 44, 103, 98, 140, 113, 88, 62, 73, 109, 175, 166, 42, 69, 13, 160, 89, 138, 78, 145, 181, 17, 10, 200, 6, 131, 198, 187, 21, 105, 174, 143, 196, 115, 79, 189, 150, 84, 161, 135, 180, 32, 14, 72, 77, 40, 133, 191, 48, 188, 61, 116, 11, 101
75, 157, 54, 180, 15, 162, 113, 147, 148, 167, 99, 150, 7, 196, 174, 124, 80, 149, 11, 68, 122, 60, 135, 109, 195, 106, 142, 69, 161, 120, 94, 123, 200, 92, 35, 198, 93, 130, 65, 139, 178, 119, 84, 29, 4, 8, 114, 158, 125, 41, 108, 74, 154, 14, 3, 1, 86, 71, 191, 81
150, 33, 75, 184, 144, 71, 9, 85, 19, 13, 83, 98, 80, 4, 32, 21, 159, 17, 172, 192, 198, 60, 182, 3, 59, 31, 51, 131, 138, 117, 145, 160, 195, 134, 54, 77, 178, 23, 168, 106, 149, 47, 6, 103, 136, 91, 53, 139, 113, 116, 67, 185, 142, 43, 151, 163, 100, 2, 39, 173
154, 45, 37, 115, 139, 102, 142, 12, 75, 171, 8, 61, 86, 44, 3, 159, 52, 106, 93, 64, 123, 118, 164, 163, 153, 21, 120, 101, 30, 133, 70, 62, 177, 73, 40, 77, 195, 113, 80, 28, 23, 10, 1, 192, 150, 66, 59, 95, 19, 196, 104, 47, 15, 46, 130, 56, 189, 97, 13, 57
35, 175, 127, 29, 188, 135, 16, 71, 102, 32, 50, 62, 152, 51, 120, 94, 26, 197, 73, 91, 41, 195, 98, 178, 144, 4, 163, 149, 34, 173, 6, 11, 142, 83, 64, 192, 3, 122, 186, 159, 13, 28, 104, 79, 23, 89, 37, 185, 131, 31, 1, 177, 181, 161, 139, 146, 174, 5, 133, 156
18, 125, 176, 196, 107, 49, 153, 109, 50, 85, 66, 44, 15, 83, 99, 8, 102, 178, 159, 174, 192, 5, 126, 34, 19, 60, 177, 131, 105, 148, 61, 7, 3, 40, 25, 118, 130, 36, 173, 155, 158, 27, 28, 150, 82, 75, 32, 69, 93, 90, 152, 170, 171, 160, 167, 183, 199, 137, 182, 151
5, 169, 179, 86, 114, 167, 155, 3, 91, 60, 106, 53, 39, 186, 72, 170, 116, 159, 29, 182, 177, 163, 195, 157, 63, 143, 188, 14, 189, 46, 168, 18, 36, 49, 102, 171, 113, 122, 83, 16, 55, 104, 27, 132, 190, 154, 127, 64, 149, 20, 76, 25, 26, 2, 7, 115, 183, 73, 161, 24
192, 83, 183, 51, 171, 135, 130, 92, 127, 90, 29, 145, 37, 81, 26, 169, 45, 65, 12, 88, 153, 132, 18, 15, 63, 76, 190, 177, 128, 86, 23, 114, 158, 146, 7, 68, 52, 96, 166, 148, 30, 113, 56, 103, 110, 197, 95, 42, 36, 91, 3, 196, 160, 144, 180, 189, 33, 31, 64, 71
38, 4, 155, 113, 178, 180, 140, 174, 122, 107, 118, 187, 142, 101, 74, 169, 46, 28, 14, 54, 100, 193, 115, 41, 183, 121, 152, 162, 77, 165, 68, 120, 192, 108, 157, 62, 76, 126, 153, 6, 26, 161, 117, 127, 93, 141, 91, 146, 66, 149, 27, 34, 184, 92, 35, 97, 39, 7, 79, 125
132, 161, 190, 6, 173, 111, 165, 2, 171, 77, 164, 15, 102, 29, 160, 136, 11, 14, 113, 10, 157, 21, 28, 31, 134, 180, 114, 115, 71, 54, 108, 17, 131, 151, 193, 97, 5, 36, 87, 103, 7, 8, 112, 83, 93, 183, 123, 9, 82, 133, 184, 124, 79, 85, 24, 65, 170, 70, 176, 105
103, 1, 61, 165, 113, 24, 51, 196, 63, 30, 121, 150, 191, 177, 153, 14, 155, 119, 32, 134, 195, 43, 27, 151, 162, 133, 96, 157, 183, 35, 187, 81, 138, 124, 83, 55, 23, 11, 176, 139, 180, 142, 192, 130, 101, 194, 126, 64, 29, 111, 200, 154, 36, 197, 58, 184, 48, 159, 76, 98
198, 100, 34, 81, 193, 97, 141, 166, 121, 102, 126, 147, 182, 120, 133, 72, 44, 94, 135, 25, 79, 162, 58, 2, 13, 179, 107, 189, 56, 196, 117, 42, 156, 124, 10, 40, 16, 150, 113, 5, 20, 154, 110, 171, 23, 11, 155, 181, 26, 169, 12, 170, 144, 161, 112, 95, 24, 85, 71, 165
196, 29, 188, 95, 125, 99, 81, 159, 170, 39, 93, 73, 1, 132, 7, 43, 97, 51, 11, 83, 45, 8, 27, 74, 102, 57, 171, 63, 76, 3, 58, 174, 177, 42, 169, 191, 75, 53, 112, 144, 195, 98, 65, 19, 67, 82, 173, 161, 118, 92, 160, 120, 116, 124, 143, 131, 128, 114, 179, 163
19, 28, 14, 100, 27, 32, 11, 44, 75, 10, 12, 30, 55, 178, 123, 174, 116, 188, 144, 46, 115, 108, 66, 74, 20, 112, 101, 169, 95, 165, 142, 137, 96, 186, 200, 93, 121, 111, 57, 172, 6, 135, 92, 124, 196, 5, 127, 70, 94, 117, 31, 88, 154, 194, 185, 167, 16, 190, 158, 63
175, 145, 48, 39, 169, 183, 170, 115, 4, 119, 130, 181, 81, 111, 65, 92, 25, 98, 131, 146, 76, 134, 90, 158, 26, 154, 116, 121, 56, 100, 93, 138, 126, 57, 12, 53, 162, 200, 82, 171, 72, 34, 156, 195, 59, 44, 67, 84, 141, 108, 10, 94, 189, 20, 102, 29, 70, 124, 23, 17
116, 126, 14, 7, 107, 148, 15, 5, 19, 35, 62, 171, 190, 162, 3, 118, 142, 125, 140, 74, 158, 134, 65, 79, 4, 94, 192, 32, 189, 149, 193, 110, 70, 181, 97, 176, 25, 179, 111, 121, 91, 41, 52, 123, 89, 90, 143, 1, 77, 156, 68, 69, 136, 168, 105, 2, 85, 173, 102, 58
114, 45, 161, 96, 194, 94, 183, 27, 85, 16, 127, 39, 149, 155, 154, 15, 196, 25, 44, 90, 13, 115, 188, 168, 7, 78, 158, 172, 167, 4, 71, 171, 34, 141, 28, 185, 184, 147, 18, 163, 9, 29, 193, 61, 157, 87, 190, 119, 38, 129, 35, 181, 182, 125, 165, 146, 37, 88, 75, 21
131, 150, 32, 70, 198, 104, 7, 29, 136, 115, 84, 35, 72, 83, 143, 21, 122, 169, 91, 19, 77, 46, 120, 193, 124, 175, 152, 4, 69, 47, 34, 12, 33, 116, 74, 41, 37, 158, 58, 66, 133, 190, 187, 59, 176, 3, 137, 178, 49, 40, 36, 192, 183, 184, 1, 92, 144, 38, 62, 22
40, 57, 200, 137, 188, 8, 187, 164, 102, 9, 180, 98, 128, 126, 167, 14, 91, 184, 119, 196, 13, 24, 97, 77, 71, 120, 131, 70, 181, 151, 82, 26, 79, 67, 68, 75, 191, 136, 59, 83, 101, 58, 85, 129, 73, 69, 170, 96, 62, 18, 152, 31, 56, 87, 190, 47, 33, 157, 51, 17
151, 11, 177, 144, 25, 34, 137, 1, 60, 186, 167, 33, 102, 69, 26, 84, 74, 168, 70, 128, 99, 103, 191, 100, 15, 133, 4, 196, 12, 121, 73, 172, 125, 5, 37, 71, 27, 82, 2, 159, 129, 10, 67, 175, 59, 52, 77, 126, 120, 44, 21, 80, 40, 185, 22, 54, 45, 29, 187, 51
54, 106, 91, 29, 12, 16, 171, 105, 199, 132, 37, 154, 128, 93, 66, 120, 136, 142, 113, 23, 28, 192, 191, 130, 71, 40, 5, 114, 166, 127, 179, 46, 145, 109, 47, 137, 143, 167, 45, 65, 73, 8, 6, 196, 138, 67, 112, 82, 68, 190, 194, 17, 183, 33, 195, 35, 101, 103, 1, 44
98, 94, 168, 49, 10, 61, 95, 185, 55, 22, 48, 60, 143, 198, 97, 19, 63, 160, 79, 15, 41, 128, 136, 32, 35, 85, 171, 6, 119, 178, 28, 132, 16, 188, 26, 86, 45, 11, 23, 134, 175, 52, 47, 173, 147, 78, 17, 33, 21, 24, 118, 91, 18, 180, 163, 157, 192, 183, 174, 182
11, 129, 100, 194, 55, 25, 163, 144, 76, 99, 13, 34, 98, 83, 63, 88, 51, 41, 118, 192, 140, 26, 1, 6, 121, 81, 49, 84, 148, 178, 97, 186, 176, 104, 185, 27, 172, 157, 42, 73, 160, 60, 5, 138, 90, 91, 3, 67, 171, 134, 29, 56, 180, 159, 36, 54, 198, 122, 22, 96
113, 99, 191, 60, 68, 155, 86, 104, 51, 119, 26, 141, 179, 6, 125, 181, 3, 161, 156, 157, 146, 85, 23, 100, 45, 58, 82, 70, 190, 103, 11, 126, 117, 200, 67, 65, 144, 171, 43, 132, 174, 180, 182, 66, 8, 40, 16, 17, 41, 90, 52, 158, 20, 29, 27, 170, 46, 95, 98, 73
188, 173, 105, 113, 200, 120, 143, 101, 80, 157, 180, 94, 47, 27, 110, 48, 148, 124, 1, 165, 160, 116, 135, 64, 29, 126, 26, 93, 155, 38, 2, 186, 137, 166, 15, 127, 43, 168, 87, 149, 130, 147, 152, 164, 134, 100, 112, 34, 162, 102, 32, 74, 163, 73, 6, 140, 141, 71, 78, 45
182, 143, 111, 126, 95, 174, 70, 93, 90, 102, 104, 141, 18, 136, 55, 115, 9, 76, 32, 161, 68, 52, 139, 180, 44, 81, 21, 51, 122, 45, 99, 54, 91, 5, 105, 112, 156, 108, 148, 131, 164, 63, 43, 125, 193, 142, 50, 198, 121, 40, 53, 171, 34, 87, 186, 83, 62, 191, 178, 169
132, 169, 137, 193, 139, 34, 54, 51, 124, 198, 162, 188, 147, 115, 146, 200, 81, 72, 69, 37, 129, 109, 105, 12, 113, 71, 43, 7, 21, 49, 86, 190, 68, 19, 138, 2, 163, 24, 60, 17, 93, 120, 78, 3, 84, 143, 67, 174, 180, 18, 134, 118, 31, 26, 110, 79, 22, 56, 44, 116
56, 148, 30, 186, 132, 188, 75, 147, 39, 50, 29, 152, 104, 31, 168, 99, 119, 18, 128, 91, 23, 111, 172, 101, 165, 127, 76, 198, 140, 71, 178, 27, 116, 65, 95, 171, 69, 59, 121, 40, 41, 82, 107, 182, 10, 73, 170, 80, 110, 45, 135, 129, 118, 134, 191, 103, 47, 155, 175, 24
136, 123, 143, 158, 40, 65, 119, 94, 140, 35, 146, 36, 164, 170, 5, 44, 137, 104, 72, 99, 57, 165, 147, 12, 26, 2, 112, 71, 166, 191, 53, 118, 131, 106, 120, 15, 161, 85, 190, 132, 92, 184, 141, 160, 52, 148, 51, 77, 105, 64, 28, 41, 175, 156, 163, 100, 75, 68, 171, 153
108, 150, 69, 192, 197, 138, 115, 93, 39, 74, 168, 194, 131, 17, 174, 21, 65, 178, 89, 68, 71, 135, 161, 44, 94, 199, 182, 105, 63, 36, 7, 184, 137, 83, 32, 160, 116, 119, 24, 169, 153, 104, 80, 123, 134, 51, 61, 3, 4, 58, 76, 158, 10, 102, 191, 151, 177, 198, 188, 136
55, 41, 200, 131, 125, 111, 73, 96, 146, 163, 129, 82, 32, 78, 36, 38, 76, 107, 123, 144, 161, 3, 27, 135, 108, 113, 30, 21, 31, 49, 143, 173, 81, 80, 109, 85, 23, 150, 87, 46, 122, 168, 166, 92, 2, 121, 190, 152, 12, 8, 195, 117, 77, 69, 199, 175, 25, 53, 88, 71
60, 196, 16, 168, 5, 26, 95, 135, 54, 174, 132, 117, 126, 59, 114, 34, 182, 112, 74, 150, 21, 138, 136, 33, 164, 173, 161, 156, 191, 101, 91, 15, 98, 121, 187, 193, 127, 27, 162, 128, 176, 186, 90, 83, 94, 70, 76, 100, 22, 82, 177, 140, 113, 66, 29, 4, 57, 145, 167, 19
64, 2, 89, 162, 78, 159, 23, 156, 83, 40, 9, 11, 87, 145, 85, 168, 144, 197, 137, 133, 128, 28, 37, 114, 174, 63, 178, 181, 49, 31, 172, 52, 130, 147, 180, 129, 190, 179, 148, 186, 68, 115, 50, 196, 4, 132, 54, 61, 98, 69, 107, 82, 149, 19, 73, 140, 110, 72, 121, 75
137, 79, 87, 124, 190, 41, 63, 160, 36, 119, 185, 107, 187, 152, 150, 130, 144, 62, 174, 50, 90, 61, 13, 133, 89, 183, 88, 34, 127, 162, 98, 84, 149, 106, 145, 31, 94, 40, 123, 179, 55, 175, 80, 59, 81, 3, 85, 167, 114, 110, 68, 64, 172, 7, 65, 165, 134, 39, 97, 23
10, 48, 170, 148, 71, 160, 57, 85, 140, 27, 139, 74, 4, 186, 102, 25, 103, 92, 23, 173, 128, 120, 41, 105, 90, 179, 178, 189, 98, 130, 51, 6, 24, 16, 18, 66, 93, 12, 200, 157, 180, 3, 81, 164, 159, 109, 45, 153, 199, 62, 169, 141, 152, 191, 60, 19, 97, 86, 83, 11
169, 81, 14, 36, 137, 57, 177, 17, 165, 107, 108, 47, 119, 188, 1, 18, 15, 49, 42, 34, 192, 22, 97, 121, 64, 176, 5, 87, 40, 32, 186, 181, 12, 56, 80, 179, 134, 129, 171, 106, 11, 111, 112, 122, 8, 75, 172, 43, 21, 182, 138, 133, 3, 90, 37, 173, 142, 51, 96, 167
8, 74, 15, 190, 14, 197, 180, 115, 60, 94, 116, 191, 170, 138, 66, 110, 44, 145, 182, 82, 78, 95, 49, 65, 178, 187, 193, 188, 6, 113, 176, 4, 41, 1, 131, 142, 108, 112, 177, 196, 76, 149, 146, 172, 97, 181, 19, 194, 37, 57, 33, 21, 111, 89, 124, 2, 92, 68, 90, 86
141, 32, 8, 59, 187, 50, 44, 119, 22, 11, 176, 164, 114, 9, 155, 113, 88, 108, 189, 136, 133, 142, 190, 151, 90, 39, 139, 1, 157, 51, 63, 16, 68, 65, 129, 64, 175, 91, 121, 130, 145, 94, 152, 156, 52, 165, 10, 99, 183, 120, 132, 126, 195, 89, 186, 70, 193, 43, 191, 69
181, 95, 168, 43, 32, 5, 94, 54, 101, 123, 31, 153, 160, 134, 15, 159, 30, 59, 65, 2, 166, 102, 164, 55, 104, 13, 78, 56, 124, 53, 175, 80, 79, 57, 152, 63, 76, 108, 191, 70, 161, 21, 135, 11, 171, 194, 51, 106, 73, 33, 19, 169, 189, 184, 62, 162, 72, 111, 112, 34
154, 189, 59, 65, 78, 54, 47, 79, 134, 131, 187, 96, 6, 50, 125, 81, 141, 76, 151, 2, 74, 184, 53, 150, 159, 4, 114, 68, 183, 20, 197, 70, 135, 49, 7, 152, 153, 167, 85, 27, 84, 147, 43, 44, 194, 138, 46, 10, 126, 16, 130, 61, 137, 87, 111, 58, 196, 136, 146, 143
44, 103, 150, 139, 137, 90, 178, 197, 20, 143, 7, 79, 127, 116, 171, 55, 176, 97, 38, 82, 123, 170, 146, 69, 144, 158, 181, 133, 196, 148, 8, 161, 152, 83, 32, 65, 165, 164, 41, 130, 182, 54, 186, 60, 180, 195, 163, 110, 140, 129, 104, 46, 27, 23, 114, 71, 45, 175, 118, 24
4, 64, 71, 149, 56, 139, 39, 147, 143, 130, 76, 161, 47, 87, 193, 63, 83, 98, 33, 170, 140, 108, 6, 109, 169, 200, 45, 165, 79, 80, 40, 164, 36, 121, 19, 199, 84, 65, 11, 189, 182, 96, 119, 62, 187, 81, 38, 145, 15, 48, 163, 122, 17, 30, 21, 2, 77, 69, 73, 117
155, 192, 93, 21, 8, 115, 48, 136, 37, 12, 179, 56, 195, 200, 163, 180, 134, 171, 81, 87, 16, 65, 101, 46, 30, 126, 17, 185, 172, 169, 47, 13, 27, 182, 3, 68, 113, 174, 175, 11, 22, 142, 38, 197, 90, 100, 92, 145, 103, 144, 85, 1, 161, 123, 154, 116, 54, 60, 108, 119
127, 138, 167, 18, 131, 76, 117, 111, 139, 153, 37, 67, 95, 183, 92, 154, 22, 7, 134, 73, 31, 174, 42, 147, 59, 195, 197, 119, 166, 58, 191, 157, 179, 16, 35, 136, 36, 181, 112, 85, 130, 77, 89, 63, 189, 108, 115, 11, 126, 186, 78, 54, 74, 122, 61, 132, 69, 75, 48, 27
181, 9, 116, 143, 29, 22, 124, 58, 10, 2, 23, 49, 92, 100, 55, 80, 164, 184, 123, 90, 158, 76, 25, 83, 67, 6, 44, 159, 87, 132, 96, 26, 128, 108, 179, 139, 63, 121, 32, 120, 129, 176, 86, 114, 107, 94, 178, 35, 103, 141, 70, 5, 138, 113, 98, 182, 190, 62, 15, 189
131, 105, 53, 85, 70, 101, 170, 79, 129, 69, 90, 119, 30, 86, 124, 58, 145, 174, 120, 114, 50, 38, 130, 24, 54, 92, 78, 154, 193, 148, 68, 51, 84, 57, 187, 112, 4, 2, 141, 182, 167, 96, 109, 121, 191, 23, 32, 14, 7, 80, 166, 200, 172, 26, 5, 16, 178, 100, 136, 99
104, 81, 6, 61, 156, 111, 159, 150, 79, 132, 97, 152, 46, 123, 190, 15, 19, 73, 8, 172, 175, 29, 67, 102, 17, 137, 142, 18, 22, 193, 94, 13, 147, 113, 74, 10, 169, 110, 25, 32, 91, 187, 153, 85, 71, 47, 48, 186, 117, 100, 53, 16, 14, 134, 34, 191, 80, 176, 107, 83
13, 67, 59, 179, 78, 10, 181, 49, 35, 146, 135, 27, 92, 129, 33, 6, 47, 168, 166, 31, 153, 20, 105, 149, 177, 128, 50, 147, 82, 5, 60, 196, 173, 53, 121, 22, 70, 144, 99, 132, 54, 26, 3, 8, 86, 32, 130, 11, 37, 104, 76, 138, 56, 41, 88, 96, 107, 189, 194, 100
30, 35, 191, 65, 38, 193, 117, 108, 169, 81, 124, 187, 72, 184, 146, 128, 164, 109, 70, 123, 74, 120, 172, 49, 140, 16, 99, 32, 87, 126, 143, 77, 88, 103, 167, 67, 127, 1, 168, 39, 5, 139, 197, 179, 64, 183, 10, 41, 76, 75, 141, 79, 153, 83, 40, 151, 50, 186, 188, 102
100, 145, 150, 200, 174, 36, 159, 117, 93, 114, 157, 106, 182, 91, 55, 181, 188, 152, 176, 165, 18, 190, 45, 57, 90, 173, 50, 175, 63, 74, 49, 66, 144, 48, 65, 52, 62, 115, 189, 72, 178, 170, 12, 54, 16, 143, 1, 20, 162, 21, 158, 163, 179, 198, 124, 87, 102, 155, 11, 136
131, 26, 63, 144, 110, 163, 86, 74, 107, 52, 168, 124, 161, 176, 77, 73, 199, 48, 90, 111, 167, 165, 141, 155, 65, 46, 112, 55, 169, 40, 16, 117, 84, 116, 191, 18, 128, 151, 72, 34, 149, 36, 71, 140, 4, 194, 11, 69, 12, 89, 121, 160, 28, 175, 37, 47, 96, 35, 145, 44
162, 192, 34, 43, 151, 186, 23, 22, 112, 169, 134, 32, 93, 80, 146, 139, 29, 87, 114, 115, 184, 163, 37, 84, 111, 21, 55, 181, 75, 189, 89, 40, 97, 83, 118, 161, 35, 195, 7, 38, 117, 86, 175, 145, 104, 56, 85, 106, 170, 92, 48, 102, 91, 120, 144, 140, 41, 188, 173, 179
73, 61, 10, 91, 175, 174, 150, 108, 44, 30, 159, 5, 21, 173, 15, 156, 2, 105, 190, 143, 89, 16, 94, 26, 57, 172, 62, 199, 38, 20, 98, 54, 161, 59, 42, 35, 152, 13, 181, 4, 79, 184, 34, 129, 180, 195, 9, 119, 125, 107, 55, 6, 78, 95, 93, 58, 185, 32, 102, 48
16, 37, 134, 75, 199, 6, 173, 137, 142, 168, 11, 70, 3, 160, 188, 93, 171, 49, 45, 102, 60, 187, 53, 94, 150, 89, 31, 154, 179, 105, 139, 88, 107, 124, 73, 25, 100, 8, 190, 84, 161, 30, 193, 125, 46, 176, 90, 17, 181, 96, 149, 23, 50, 36, 85, 186, 7, 144, 143, 19
168, 80, 110, 99, 139, 62, 192, 151, 52, 60, 169, 11, 24, 184, 29, 56, 132, 102, 6, 37, 48, 26, 31, 161, 25, 90, 83, 185, 179, 30, 149, 38, 111, 173, 87, 105, 188, 101, 100, 144, 36, 175, 28, 174, 45, 47, 43, 121, 104, 5, 91, 135, 1, 39, 131, 40, 146, 4, 108, 75
27, 111, 11, 60, 98, 92, 161, 8, 200, 156, 133, 194, 77, 79, 97, 32, 159, 183, 152, 87, 126, 153, 88, 38, 30, 174, 197, 39, 86, 143, 168, 115, 188, 6, 3, 80, 19, 78, 191, 149, 101, 166, 59, 121, 132, 117, 42, 13, 100, 141, 72, 53, 54, 160, 83, 85, 102, 70, 170, 35
96, 160, 129, 90, 189, 26, 27, 162, 91, 1, 122, 168, 51, 177, 25, 9, 63, 117, 97, 93, 47, 148, 120, 194, 5, 154, 15, 173, 171, 156, 64, 74, 48, 118, 131, 121, 165, 197, 62, 39, 88, 22, 135, 32, 101, 191, 158, 104, 34, 153, 36, 30, 146, 112, 119, 155, 109, 86, 198, 142
29, 137, 59, 187, 132, 57, 68, 104, 93, 166, 8, 47, 168, 179, 24, 38, 154, 65, 32, 92, 69, 195, 139, 36, 122, 12, 16, 163, 40, 165, 35, 72, 30, 70, 100, 124, 77, 116, 60, 64, 11, 167, 155, 78, 174, 180, 99, 199, 76, 37, 89, 102, 119, 46, 191, 171, 188, 95, 121, 152
32, 169, 5, 111, 127, 43, 26, 190, 57, 37, 157, 38, 27, 90, 129, 3, 62, 110, 79, 118, 82, 101, 112, 119, 39, 44, 139, 187, 52, 148, 167, 172, 71, 121, 73, 159, 74, 193, 186, 146, 4, 130, 192, 152, 77, 153, 68, 53, 89, 76, 105, 182, 150, 96, 41, 31, 134, 107, 147, 6
107, 39, 121, 152, 126, 78, 40, 160, 65, 136, 23, 103, 90, 144, 31, 127, 159, 28, 4, 43, 95, 169, 194, 42, 124, 165, 133, 130, 185, 105, 178, 181, 142, 190, 14, 120, 48, 3, 199, 118, 155, 106, 198, 58, 12, 147, 114, 52, 157, 101, 112, 149, 175, 150, 67, 173, 11, 99, 35, 18
19, 44, 52, 18, 179, 64, 32, 73, 37, 61, 188, 142, 178, 118, 97, 20, 72, 180, 157, 165, 109, 137, 55, 13, 164, 152, 98, 42, 190, 105, 124, 79, 15, 77, 145, 107, 96, 60, 199, 7, 113, 132, 123, 116, 198, 30, 56, 151, 115, 43, 9, 35, 133, 82, 196, 89, 78, 159, 83, 163
49, 94, 1, 161, 192, 139, 141, 77, 58, 148, 153, 66, 118, 45, 172, 198, 143, 13, 168, 43, 113, 183, 87, 95, 55, 14, 6, 158, 106, 162, 42, 194, 131, 109, 136, 73, 120, 156, 93, 140, 32, 2, 117, 7, 68, 48, 185, 188, 38, 122, 170, 75, 129, 190, 112, 151, 145, 176, 54, 15
152, 36, 146, 163, 28, 3, 167, 5, 145, 124, 100, 111, 91, 106, 132, 88, 25, 12, 97, 184, 109, 155, 115, 98, 1, 43, 174, 31, 93, 23, 131, 144, 15, 137, 38, 21, 81, 193, 192, 170, 187, 175, 71, 188, 197, 196, 166, 4, 66, 134, 74, 6, 20, 26, 148, 52, 33, 103, 8, 83
14, 162, 196, 17, 8, 104, 5, 4, 129, 67, 24, 69, 85, 9, 80, 128, 118, 170, 86, 138, 114, 60, 42, 105, 97, 21, 143, 54, 116, 142, 163, 76, 87, 180, 66, 181, 35, 28, 81, 45, 183, 145, 34, 161, 155, 167, 79, 127, 159, 190, 199, 23, 83, 160, 169, 82, 135, 90, 179, 136
121, 68, 113, 11, 171, 7, 130, 95, 180, 12, 131, 79, 46, 106, 99, 86, 195, 114, 165, 57, 141, 15, 177, 29, 93, 159, 197, 48, 109, 189, 172, 18, 144, 116, 115, 164, 45, 97, 190, 110, 149, 196, 183, 30, 61, 166, 200, 35, 19, 41, 5, 101, 16, 90, 76, 120, 72, 145, 162, 139
66, 89, 4, 43, 47, 156, 135, 11, 184, 46, 69, 6, 88, 36, 180, 153, 32, 1, 148, 82, 84, 168, 71, 169, 174, 141, 52, 126, 14, 68, 37, 132, 140, 191, 185, 122, 87, 15, 30, 139, 93, 105, 48, 13, 101, 39, 164, 70, 186, 63, 65, 75, 198, 166, 119, 196, 163, 33, 107, 27
177, 110, 189, 180, 53, 113, 79, 181, 197, 42, 133, 145, 155, 66, 90, 45, 119, 99, 121, 19, 70, 196, 7, 51, 74, 194, 143, 137, 46, 28, 158, 52, 54, 176, 122, 9, 64, 107, 8, 62, 164, 195, 116, 3, 47, 36, 40, 112, 26, 11, 134, 58, 14, 93, 171, 97, 101, 117, 68, 169
65, 166, 190, 32, 95, 154, 185, 134, 35, 51, 103, 98, 7, 15, 23, 53, 34, 68, 105, 172, 46, 179, 159, 135, 117, 129, 73, 71, 21, 90, 88, 97, 54, 13, 138, 196, 112, 143, 110, 125, 94, 89, 18, 75, 132, 124, 116, 42, 29, 102, 168, 2, 109, 161, 10, 200, 164, 17, 8, 140
154, 171, 148, 67, 153, 3, 29, 23, 130, 25, 182, 103, 179, 56, 156, 193, 114, 78, 13, 188, 120, 110, 163, 54, 157, 80, 46, 6, 16, 71, 138, 4, 70, 79, 45, 124, 37, 119, 18, 85, 150, 44, 84, 180, 89, 167, 39, 88, 107, 136, 184, 109, 183, 75, 60, 181, 99, 142, 189, 121
64, 3, 15, 107, 13, 199, 123, 22, 29, 77, 28, 57, 39, 27, 185, 134, 91, 117, 25, 188, 191, 87, 139, 135, 194, 62, 150, 151, 37, 98, 97, 95, 166, 32, 73, 26, 169, 182, 70, 74, 67, 197, 109, 174, 111, 66, 83, 6, 45, 40, 53, 189, 147, 1, 193, 17, 108, 130, 118, 19
39, 53, 196, 101, 139, 84, 92, 82, 15, 60, 85, 143, 41, 69, 63, 3, 153, 194, 175, 81, 126, 198, 138, 200, 54, 191, 117, 93, 25, 18, 144, 125, 199, 179, 146, 133, 192, 44, 31, 36, 43, 116, 176, 186, 129, 130, 9, 124, 145, 23, 20, 49, 42, 154, 34, 33, 88, 10, 50, 5
189, 58, 79, 187, 33, 37, 70, 164, 199, 77, 55, 46, 119, 32, 89, 66, 155, 149, 90, 109, 65, 197, 94, 171, 19, 51, 173, 112, 120, 179, 31, 176, 121, 99, 23, 153, 84, 80, 26, 45, 163, 83, 156, 150, 116, 130, 12, 157, 101, 47, 25, 9, 61, 146, 118, 34, 172, 72, 92, 44
158, 86, 75, 81, 162, 70, 160, 133, 129, 118, 51, 119, 79, 72, 85, 44, 137, 10, 136, 176, 198, 161, 11, 131, 66, 188, 17, 107, 186, 31, 56, 21, 83, 28, 140, 80, 36, 24, 58, 16, 47, 62, 82, 145, 65, 87, 171, 121, 42, 148, 174, 141, 199, 166, 173, 95, 194, 25, 29, 4
179, 120, 197, 135, 155, 173, 166, 140, 128, 121, 34, 145, 137, 17, 184, 8, 177, 141, 159, 66, 2, 30, 165, 7, 123, 31, 169, 130, 89, 52, 183, 113, 125, 16, 46, 167, 42, 174, 119, 41, 11, 163, 195, 101, 199, 99, 75, 78, 71, 9, 198, 122, 32, 22, 19, 134, 93, 153, 188, 29
191, 73, 9, 63, 117, 110, 196, 3, 186, 56, 181, 75, 190, 103, 15, 65, 98, 118, 23, 169, 72, 176, 17, 160, 138, 183, 105, 49, 102, 19, 104, 25, 116, 71, 57, 168, 112, 69, 129, 153, 174, 99, 111, 192, 12, 48, 28, 86, 159, 52, 58, 148, 134, 187, 82, 175, 64, 30, 37, 34
10, 153, 102, 12, 107, 75, 140, 68, 36, 120, 66, 148, 54, 22, 126, 172, 71, 165, 33, 90, 196, 160, 128, 82, 155, 95, 45, 192, 149, 29, 156, 77, 146, 150, 31, 92, 124, 83, 110, 30, 28, 38, 195, 133, 76, 188, 109, 191, 21, 175, 16, 43, 184, 2, 80, 169, 81, 179, 129, 61
170, 85, 80, 169, 72, 125, 147, 82, 99, 165, 59, 9, 61, 42, 200, 28, 128, 190, 109, 159, 162, 137, 47, 135, 175, 136, 64, 110, 56, 106, 192, 189, 144, 81, 77, 112, 91, 17, 100, 39, 96, 102, 34, 107, 129, 87, 108, 19, 172, 23, 166, 53, 151, 98, 141, 199, 145, 161, 181, 103
113, 138, 18, 132, 192, 156, 116, 181, 193, 160, 118, 195, 68, 87, 73, 44, 157, 55, 131, 200, 82, 59, 72, 81, 5, 26, 79, 23, 109, 101, 191, 95, 122, 52, 16, 2, 99, 90, 91, 197, 152, 134, 162, 10, 4, 183, 129, 177, 127, 189, 42, 153, 76, 8, 110, 22, 66, 145, 6, 176
83, 133, 16, 120, 20, 80, 37, 148, 52, 4, 11, 173, 190, 74, 44, 184, 22, 142, 179, 71, 28, 111, 94, 78, 197, 160, 100, 126, 26, 92, 55, 72, 140, 149, 85, 88, 194, 165, 193, 96, 68, 102, 172, 144, 112, 108, 67, 146, 9, 136, 125, 49, 45, 5, 199, 40, 81, 123, 57, 19
169, 191, 102, 4, 179, 99, 114, 37, 156, 186, 65, 7, 10, 61, 23, 164, 158, 101, 177, 183, 16, 151, 160, 140, 31, 91, 8, 119, 66, 81, 122, 113, 125, 170, 70, 192, 98, 94, 30, 75, 198, 87, 29, 49, 100, 131, 162, 163, 96, 60, 116, 48, 14, 55, 154, 18, 34, 40, 35, 64
196, 84, 58, 147, 129, 176, 57, 77, 161, 24, 94, 37, 35, 165, 168, 15, 123, 116, 167, 33, 34, 68, 29, 79, 93, 12, 72, 160, 108, 100, 8, 178, 105, 7, 106, 122, 19, 118, 43, 166, 177, 197, 126, 124, 89, 3, 132, 154, 65, 158, 163, 45, 110, 102, 119, 150, 136, 183, 27, 134
134, 14, 64, 153, 57, 41, 172, 30, 199, 59, 80, 181, 73, 84, 79, 58, 122, 183, 96, 12, 86, 179, 125, 194, 55, 4, 109, 162, 186, 26, 61, 184, 160, 72, 115, 5, 20, 78, 144, 113, 51, 131, 54, 200, 110, 168, 76, 170, 49, 117, 48, 166, 180, 152, 45, 104, 174, 142, 157, 155
5, 46, 91, 62, 86, 132, 171, 120, 89, 152, 72, 35, 194, 107, 34, 130, 135, 19, 24, 122, 37, 111, 170, 16, 109, 25, 139, 49, 96, 73, 126, 178, 10, 64, 3, 140, 149, 56, 42, 77, 186, 79, 196, 133, 180, 71, 143, 174, 66, 185, 105, 31, 187, 168, 57, 13, 191, 12, 176, 7
174, 46, 190, 86, 43, 147, 154, 88, 135, 170, 112, 51, 75, 99, 30, 120, 57, 145, 109, 71, 104, 103, 136, 50, 181, 93, 14, 146, 149, 82, 54, 156, 68, 98, 100, 84, 155, 11, 153, 19, 92, 128, 166, 53, 94, 97, 119, 7, 79, 38, 126, 52, 151, 105, 121, 81, 186, 32, 115, 197
36, 190, 143, 108, 114, 164, 72, 5, 26, 170, 85, 18, 34, 25, 68, 193, 146, 166, 112, 162, 56, 110, 152, 86, 199, 124, 106, 131, 178, 189, 120, 39, 158, 70, 145, 83, 128, 191, 177, 59, 95, 28, 140, 121, 148, 12, 63, 42, 176, 53, 100, 30, 33, 188, 90, 168, 185, 3, 171, 161
118, 109, 170, 50, 14, 30, 34, 112, 51, 137, 4, 68, 46, 19, 87, 149, 194, 127, 136, 86, 167, 12, 150, 77, 156, 20, 134, 199, 186, 21, 58, 148, 2, 88, 80, 139, 56, 180, 3, 160, 82, 114, 163, 151, 185, 200, 1, 190, 102, 131, 108, 18, 48, 126, 164, 96, 193, 94, 179, 97
114, 174, 21, 195, 103, 163, 12, 89, 146, 142, 45, 11, 129, 28, 41, 188, 29, 110, 160, 22, 144, 136, 25, 116, 175, 122, 31, 151, 4, 98, 76, 10, 182, 87, 15, 185, 109, 197, 13, 94, 181, 99, 128, 147, 61, 118, 68, 20, 81, 153, 73, 60, 113, 35, 131, 23, 180, 70, 168, 178
66, 163, 94, 140, 61, 164, 139, 19, 52, 188, 171, 197, 158, 137, 97, 58, 154, 86, 114, 35, 146, 56, 29, 82, 69, 144, 13, 142, 9, 162, 119, 134, 10, 156, 87, 131, 106, 145, 95, 136, 50, 200, 90, 185, 64, 15, 133, 33, 127, 4, 23, 1, 44, 43, 98, 175, 182, 103, 184, 129
181, 31, 54, 165, 173, 95, 16, 39, 177, 33, 75, 24, 27, 104, 66, 170, 96, 102, 2, 190, 118, 97, 184, 5, 131, 106, 193, 129, 56, 113, 198, 163, 117, 174, 145, 189, 58, 158, 41, 86, 43, 12, 92, 13, 81, 78, 187, 100, 8, 55, 142, 183, 139, 148, 87, 135, 85, 36, 159, 194
80, 147, 177, 186, 72, 137, 160, 103, 40, 112, 100, 166, 163, 141, 158, 61, 114, 93, 190, 67, 183, 102, 193, 167, 185, 90, 154, 16, 199, 101, 194, 176, 29, 188, 153, 92, 124, 162, 151, 88, 12, 181, 39, 197, 94, 81, 43, 32, 52, 27, 135, 179, 150, 142, 53, 60, 91, 18, 173, 127
199, 68, 197, 77, 14, 124, 166, 57, 123, 174, 36, 48, 158, 83, 141, 137, 135, 6, 2, 184, 196, 10, 37, 86, 26, 187, 192, 175, 120, 42, 32, 129, 161, 103, 122, 71, 99, 52, 43, 60, 65, 94, 53, 30, 69, 51, 9, 3, 73, 118, 40, 79, 75, 102, 131, 90, 157, 29, 93, 200
38, 6, 104, 92, 65, 141, 9, 151, 164, 192, 3, 18, 121, 150, 47, 100, 39, 132, 123, 55, 106, 108, 197, 84, 181, 130, 161, 19, 133, 29, 62, 68, 44, 114, 126, 83, 72, 105, 24, 93, 113, 89, 57, 153, 49, 78, 51, 118, 8, 13, 52, 184, 142, 1, 77, 91, 157, 112, 37, 140
56, 175, 80, 189, 147, 193, 82, 51, 62, 142, 192, 152, 127, 197, 13, 12, 186, 57, 128, 23, 29, 79, 34, 76, 49, 67, 151, 43, 83, 116, 183, 132, 22, 44, 90, 155, 157, 97, 60, 59, 94, 24, 118, 81, 3, 28, 194, 2, 103, 35, 100, 58, 110, 99, 65, 160, 63, 146, 166, 156
143, 167, 174, 163, 56, 89, 70, 31, 97, 64, 7, 37, 142, 29, 17, 33, 68, 112, 134, 79, 24, 71, 127, 47, 60, 19, 82, 90, 184, 67, 63, 72, 135, 83, 39, 182, 4, 12, 20, 91, 57, 21, 186, 151, 36, 85, 165, 180, 53, 183, 157, 93, 45, 108, 96, 38, 105, 192, 137, 73
113, 103, 16, 19, 198, 194, 131, 3, 30, 187, 111, 45, 114, 13, 80, 128, 108, 168, 90, 29, 110, 182, 133, 60, 32, 89, 143, 38, 1, 184, 177, 102, 72, 67, 165, 68, 7, 54, 196, 119, 71, 75, 21, 35, 64, 42, 134, 82, 160, 14, 136, 137, 155, 142, 23, 138, 186, 47, 174, 147
13, 79, 54, 37, 3, 159, 83, 43, 137, 88, 76, 109, 138, 156, 52, 119, 29, 197, 121, 65, 170, 106, 190, 130, 93, 185, 91, 111, 174, 182, 147, 67, 167, 143, 105, 66, 75, 21, 71, 136, 100, 135, 68, 44, 47, 31, 134, 16, 103, 160, 128, 133, 152, 57, 195, 154, 81, 115, 166, 89
126, 170, 162, 99, 149, 176, 74, 141, 115, 39, 12, 47, 30, 131, 79, 49, 160, 180, 98, 14, 38, 43, 44, 132, 166, 138, 191, 106, 82, 102, 175, 96, 145, 134, 11, 91, 53, 23, 69, 130, 34, 192, 196, 198, 17, 185, 135, 32, 110, 128, 137, 181, 37, 61, 40, 7, 124, 159, 5, 190
30, 92, 1, 37, 13, 12, 79, 149, 165, 93, 184, 90, 98, 129, 160, 115, 43, 198, 185, 128, 78, 97, 57, 22, 153, 31, 46, 47, 75, 161, 88, 152, 112, 141, 110, 4, 144, 183, 45, 187, 190, 186, 32, 167, 124, 105, 89, 86, 117, 194, 64, 100, 38, 72, 179, 27, 119, 9, 56, 174
54, 57, 75, 98, 149, 197, 152, 79, 70, 90, 155, 180, 46, 157, 183, 52, 30, 116, 140, 135, 123, 150, 60, 134, 131, 88, 110, 125, 58, 167, 113, 121, 3, 120, 188, 20, 96, 156, 89, 51, 18, 193, 166, 198, 22, 95, 10, 65, 138, 82, 50, 2, 36, 136, 69, 11, 172, 64, 142, 49
131, 102, 66, 81, 74, 198, 21, 53, 114, 200, 30, 145, 19, 61, 134, 149, 185, 127, 170, 187, 64, 101, 84, 133, 3, 158, 126, 11, 27, 23, 160, 152, 91, 59, 177, 112, 147, 18, 88, 132, 195, 60, 67, 111, 169, 71, 76, 77, 87, 117, 13, 192, 107, 109, 119, 48, 96, 193, 72, 179
62, 76, 170, 6, 72, 166, 68, 160, 92, 126, 85, 61, 174, 9, 58, 169, 1, 122, 93, 105, 134, 82, 83, 187, 113, 74, 154, 90, 182, 110, 8, 81, 22, 35, 135, 67, 17, 184, 38, 138, 116, 155, 86, 21, 183, 142, 23, 130, 49, 156, 178, 41, 28, 73, 57, 24, 147, 64, 98, 195
77, 20, 24, 199, 171, 150, 158, 147, 180, 37, 76, 135, 9, 124, 169, 153, 66, 152, 81, 12, 193, 133, 145, 151, 92, 177, 161, 23, 59, 127, 139, 109, 50, 137, 116, 96, 8, 154, 107, 134, 111, 166, 198, 132, 26, 64, 136, 5, 7, 72, 98, 90, 103, 179, 146, 48, 156, 182, 73, 195
21, 164, 43, 177, 176, 102, 111, 63, 68, 153, 162, 143, 23, 197, 195, 32, 179, 131, 50, 60, 40, 25, 67, 154, 138, 167, 157, 89, 88, 165, 10, 109, 58, 105, 80, 17, 134, 93, 79, 87, 96, 108, 115, 101, 192, 181, 4, 36, 185, 193, 39, 151, 137, 5, 7, 142, 35, 13, 189, 3
115, 111, 61, 8, 148, 132, 90, 77, 2, 126, 149, 22, 18, 169, 168, 50, 108, 156, 5, 62, 160, 127, 125, 52, 12, 144, 84, 78, 141, 75, 189, 15, 80, 199, 122, 71, 56, 43, 29, 36, 138, 134, 104, 13, 16, 60, 70, 7, 1, 188, 177, 116, 137, 164, 95, 103, 114, 87, 166, 32
66, 197, 146, 168, 27, 181, 25, 157, 104, 74, 116, 199, 38, 105, 41, 2, 56, 43, 184, 80, 111, 68, 119, 32, 34, 141, 149, 98, 35, 198, 108, 132, 113, 95, 143, 159, 163, 42, 190, 77, 63, 156, 180, 137, 61, 93, 195, 174, 193, 1, 176, 45, 44, 59, 50, 187, 147, 135, 152, 164
105, 39, 5, 91, 73, 152, 187, 57, 30, 38, 195, 175, 129, 179, 86, 17, 96, 32, 111, 151, 128, 87, 167, 99, 25, 62, 122, 75, 7, 176, 8, 166, 186, 184, 104, 52, 45, 2, 44, 192, 1, 171, 148, 84, 177, 24, 63, 41, 140, 77, 135, 47, 191, 19, 33, 180, 14, 4, 121, 36
74, 128, 30, 135, 14, 118, 35, 111, 183, 83, 90, 170, 141, 163, 45, 97, 43, 143, 40, 7, 180, 191, 178, 93, 60, 185, 162, 50, 49, 44, 110, 58, 86, 153, 31, 181, 145, 2, 158, 4, 27, 70, 22, 21, 102, 192, 136, 88, 176, 120, 134, 99, 151, 11, 142, 189, 175, 124, 196, 155
162, 2, 9, 156, 132, 172, 80, 152, 134, 105, 28, 57, 120, 3, 15, 16, 192, 63, 179, 187, 97, 79, 115, 108, 85, 89, 166, 157, 140, 99, 176, 54, 51, 94, 138, 20, 1, 169, 130, 117, 56, 193, 189, 68, 50, 139, 104, 123, 84, 107, 5, 83, 116, 8, 155, 180, 188, 175, 184, 96
124, 164, 189, 183, 175, 105, 19, 4, 60, 157, 130, 69, 26, 125, 50, 8, 36, 18, 33, 101, 165, 21, 38, 78, 186, 52, 178, 93, 47, 98, 99, 166, 108, 122, 190, 177, 65, 83, 169, 132, 28, 151, 17, 192, 51, 109, 75, 74, 134, 191, 14, 48, 111, 71, 200, 24, 27, 197, 63, 144
35, 198, 112, 182, 8, 172, 2, 111, 126, 45, 132, 188, 119, 75, 102, 41, 131, 43, 125, 6, 76, 25, 82, 79, 178, 66, 142, 19, 130, 148, 31, 55, 193, 26, 153, 139, 190, 101, 52, 146, 177, 49, 144, 128, 117, 108, 165, 189, 174, 187, 20, 151, 133, 114, 68, 169, 154, 58, 159, 73
42, 85, 126, 145, 131, 11, 143, 199, 200, 176, 86, 108, 38, 3, 142, 19, 187, 77, 53, 29, 110, 122, 43, 125, 177, 63, 159, 58, 130, 90, 9, 17, 27, 55, 188, 103, 173, 164, 163, 119, 98, 115, 148, 183, 33, 62, 80, 88, 144, 191, 93, 123, 18, 95, 28, 184, 179, 14, 91, 141
163, 61, 18, 106, 35, 101, 162, 199, 126, 98, 59, 198, 116, 28, 123, 80, 97, 156, 5, 60, 87, 185, 56, 93, 55, 57, 36, 157, 144, 183, 142, 72, 69, 189, 180, 167, 21, 96, 165, 108, 3, 160, 173, 15, 76, 10, 11, 64, 92, 43, 138, 188, 50, 45, 62, 16, 158, 114, 147, 195
74, 179, 154, 160, 151, 7, 91, 2, 174, 173, 16, 19, 24, 48, 50, 175, 182, 144, 183, 124, 152, 63, 6, 84, 135, 115, 51, 116, 93, 8, 167, 162, 170, 43, 163, 103, 147, 110, 157, 10, 102, 181, 111, 166, 32, 76, 148, 121, 118, 120, 45, 53, 107, 169, 12, 158, 92, 113, 44, 66
4, 100, 34, 3, 26, 56, 192, 20, 125, 89, 50, 69, 7, 183, 157, 68, 96, 87, 124, 147, 99, 84, 53, 162, 113, 74, 140, 95, 90, 111, 70, 150, 19, 122, 126, 121, 38, 11, 9, 160, 97, 61, 39, 177, 168, 199, 51, 2, 161, 196, 80, 22, 197, 29, 129, 65, 153, 5, 91, 76
51, 66, 118, 136, 156, 110, 189, 184, 68, 135, 154, 93, 198, 146, 7, 98, 113, 152, 76, 67, 131, 50, 151, 3, 88, 96, 123, 171, 72, 29, 65, 159, 49, 109, 194, 45, 170, 132, 119, 38, 174, 177, 94, 10, 73, 70, 97, 130, 91, 13, 147, 164, 82, 47, 111, 155, 161, 185, 83, 148
93, 32, 47, 81, 107, 22, 49, 42, 11, 106, 118, 109, 173, 1, 5, 110, 34, 127, 3, 142, 126, 20, 115, 4, 92, 69, 56, 103, 45, 61, 101, 8, 37, 79, 171, 87, 182, 38, 155, 7, 40, 27, 143, 91, 53, 145, 124, 60, 122, 144, 18, 16, 84, 174, 185, 137, 181, 82, 149, 164
154, 24, 28, 12, 127, 64, 200, 130, 98, 19, 186, 34, 110, 18, 160, 22, 51, 189, 91, 57, 32, 101, 89, 68, 106, 134, 104, 170, 137, 157, 65, 197, 194, 73, 179, 38, 35, 168, 171, 108, 176, 180, 151, 2, 48, 184, 143, 66, 95, 59, 90, 87, 92, 80, 14, 152, 187, 11, 1, 199
85, 196, 169, 166, 191, 105, 84, 94, 160, 25, 147, 40, 193, 200, 44, 86, 175, 39, 29, 155, 117, 141, 91, 110, 162, 74, 14, 156, 177, 23, 7, 63, 125, 182, 190, 64, 71, 83, 130, 120, 2, 197, 124, 194, 111, 151, 96, 188, 146, 113, 150, 24, 65, 5, 157, 122, 58, 52, 68, 57
161, 180, 131, 29, 103, 1, 137, 7, 31, 100, 114, 179, 197, 108, 82, 145, 130, 74, 106, 184, 87, 185, 109, 105, 33, 167, 43, 40, 52, 27, 134, 64, 60, 127, 126, 8, 69, 182, 148, 195, 14, 171, 121, 187, 172, 115, 58, 34, 155, 189, 175, 57, 79, 190, 164, 72, 156, 78, 173, 111
144, 41, 34, 170, 173, 32, 84, 47, 94, 87, 104, 162, 117, 52, 159, 71, 97, 194, 146, 79, 31, 140, 103, 183, 61, 57, 192, 5, 16, 91, 3, 182, 163, 169, 135, 102, 137, 49, 180, 6, 123, 2, 23, 134, 136, 15, 54, 184, 50, 109, 138, 176, 126, 143, 60, 30, 26, 96, 153, 68
3, 159, 95, 116, 165, 101, 61, 13, 135, 100, 58, 31, 150, 49, 88, 185, 34, 144, 128, 92, 166, 143, 24, 168, 19, 121, 43, 139, 59, 42, 130, 29, 110, 146, 22, 52, 191, 104, 198, 15, 81, 40, 36, 108, 151, 93, 177, 23, 47, 195, 7, 30, 38, 2, 131, 179, 158, 71, 76, 14
12, 99, 127, 137, 54, 75, 17, 2, 163, 82, 10, 76, 182, 20, 130, 106, 184, 156, 31, 58, 116, 95, 49, 63, 5, 103, 67, 78, 109, 85, 90, 167, 104, 124, 108, 71, 178, 8, 80, 192, 88, 62, 145, 4, 190, 3, 9, 37, 53, 48, 139, 14, 191, 56, 97, 11, 172, 94, 23, 26
23, 173, 171, 162, 198, 183, 26, 81, 11, 2, 14, 1, 103, 28, 177, 163, 78, 187, 92, 161, 77, 4, 113, 192, 44, 102, 116, 21, 69, 176, 47, 180, 184, 93, 99, 57, 63, 66, 195, 25, 200, 168, 85, 169, 5, 181, 108, 89, 166, 151, 159, 19, 54, 55, 97, 12, 189, 157, 133, 185
148, 14, 186, 151, 15, 77, 26, 168, 103, 56, 198, 67, 118, 157, 191, 20, 188, 146, 90, 141, 177, 24, 5, 115, 139, 181, 123, 42, 195, 34, 133, 53, 102, 84, 79, 85, 124, 70, 159, 74, 11, 32, 114, 149, 189, 36, 47, 166, 7, 101, 45, 1, 51, 200, 180, 23, 49, 154, 71, 179
32, 15, 198, 193, 94, 92, 22, 81, 142, 35, 195, 168, 196, 76, 48, 21, 57, 28, 129, 107, 6, 121, 84, 65, 187, 194, 17, 41, 44, 83, 27, 97, 120, 178, 77, 82, 181, 190, 30, 128, 144, 51, 95, 14, 93, 152, 172, 18, 127, 4, 122, 19, 139, 53, 192, 149, 87, 131, 52, 49
152, 182, 168, 137, 71, 66, 186, 189, 115, 200, 30, 158, 144, 174, 143, 86, 159, 74, 101, 1, 72, 145, 96, 127, 118, 160, 31, 26, 93, 128, 107, 135, 146, 141, 194, 105, 161, 16, 3, 149, 10, 6, 131, 64, 132, 5, 184, 153, 196, 85, 45, 14, 166, 69, 53, 21, 136, 88, 103, 36
51, 192, 82, 134, 42, 40, 95, 87, 102, 59, 105, 193, 96, 158, 17, 16, 32, 140, 185, 94, 81, 70, 110, 114, 6, 91, 113, 195, 65, 69, 75, 130, 66, 90, 38, 78, 147, 106, 188, 120, 145, 98, 4, 169, 12, 176, 56, 43, 33, 54, 175, 73, 92, 163, 141, 157, 89, 34, 44, 79
36, 109, 46, 18, 155, 111, 106, 15, 142, 167, 139, 61, 10, 37, 48, 198, 157, 92, 152, 120, 119, 103, 161, 74, 177, 23, 132, 19, 28, 169, 101, 107, 70, 67, 144, 95, 38, 94, 100, 122, 56, 170, 54, 172, 76, 175, 143, 180, 124, 34, 35, 78, 82, 68, 199, 77, 137, 7, 16, 112
76, 125, 187, 129, 116, 190, 124, 14, 52, 87, 123, 82, 29, 170, 134, 63, 178, 22, 71, 142, 200, 48, 128, 157, 132, 153, 196, 117, 159, 51, 26, 143, 90, 2, 106, 79, 101, 155, 99, 70, 147, 42, 6, 161, 81, 194, 139, 92, 118, 105, 18, 66, 109, 74, 166, 61, 59, 72, 49, 95
90, 99, 156, 127, 37, 195, 101, 163, 69, 178, 47, 66, 139, 25, 198, 51, 113, 18, 171, 44, 193, 111, 124, 19, 15, 46, 165, 28, 134, 186, 138, 87, 117, 71, 55, 75, 38, 106, 84, 31, 142, 154, 177, 116, 35, 164, 174, 118, 13, 30, 88, 182, 114, 17, 41, 4, 153, 123, 115, 34
20, 8, 192, 169, 97, 48, 131, 134, 74, 4, 191, 47, 155, 179, 200, 173, 1, 61, 157, 92, 90, 32, 154, 167, 122, 120, 18, 69, 187, 102, 85, 146, 45, 199, 194, 132, 137, 158, 55, 57, 35, 123, 95, 189, 153, 5, 15, 70, 87, 43, 108, 79, 86, 116, 121, 72, 76, 118, 185, 21
182, 83, 151, 46, 36, 101, 67, 185, 117, 118, 158, 109, 18, 130, 5, 146, 191, 137, 82, 31, 68, 190, 89, 43, 184, 86, 127, 131, 91, 70, 161, 122, 79, 48, 115, 138, 62, 40, 57, 49, 121, 133, 166, 195, 150, 90, 186, 175, 116, 140, 37, 176, 88, 65, 98, 104, 35, 85, 129, 3
116, 66, 87, 38, 92, 26, 83, 44, 70, 41, 84, 153, 74, 111, 6, 189, 198, 3, 45, 199, 14, 1, 125, 178, 104, 145, 32, 131, 149, 113, 181, 107, 102, 150, 195, 165, 130, 78, 60, 93, 37, 134, 176, 177, 156, 16, 193, 122, 118, 152, 36, 53, 79, 47, 58, 133, 63, 39, 21, 23
1, 50, 62, 83, 7, 158, 188, 192, 91, 129, 37, 5, 12, 197, 171, 79, 58, 94, 101, 81, 43, 51, 13, 18, 6, 155, 40, 163, 184, 132, 122, 167, 126, 118, 143, 102, 90, 16, 69, 181, 99, 55, 108, 151, 137, 95, 103, 19, 186, 86, 198, 68, 61, 9, 105, 24, 177, 11, 41, 14
166, 30, 7, 101, 177, 24, 55, 19, 196, 44, 89, 34, 182, 78, 43, 155, 75, 37, 146, 199, 193, 8, 179, 71, 3, 77, 167, 91, 26, 172, 169, 181, 88, 15, 183, 33, 195, 117, 188, 176, 18, 12, 153, 190, 171, 63, 39, 154, 156, 118, 124, 136, 108, 151, 189, 175, 186, 62, 14, 79
102, 166, 21, 183, 116, 82, 145, 35, 199, 66, 96, 64, 122, 56, 119, 198, 14, 75, 184, 132, 134, 67, 61, 54, 149, 191, 150, 74, 20, 162, 120, 94, 140, 121, 107, 109, 124, 86, 172, 22, 105, 37, 33, 68, 73, 55, 92, 178, 29, 173, 175, 15, 78, 50, 90, 177, 181, 129, 11, 79
135, 50, 62, 56, 153, 49, 79, 102, 35, 166, 7, 103, 130, 180, 174, 145, 70, 48, 30, 27, 100, 117, 141, 195, 160, 142, 18, 108, 12, 97, 63, 65, 99, 44, 55, 90, 28, 17, 36, 51, 66, 126, 200, 193, 128, 68, 86, 92, 98, 196, 6, 58, 185, 197, 32, 26, 129, 106, 42, 52
146, 171, 197, 98, 51, 70, 79, 33, 30, 185, 179, 110, 54, 102, 114, 168, 107, 199, 134, 104, 90, 155, 153, 7, 154, 45, 72, 63, 53, 14, 173, 191, 85, 25, 136, 9, 1, 193, 139, 177, 111, 103, 167, 40, 159, 152, 24, 198, 6, 132, 120, 31, 137, 36, 39, 135, 190, 37, 194, 18
104, 182, 153, 137, 119, 46, 49, 75, 156, 133, 38, 194, 1, 43, 17, 40, 36, 114, 60, 103, 72, 12, 22, 160, 162, 54, 57, 32, 62, 96, 37, 136, 70, 110, 190, 124, 138, 97, 101, 28, 68, 94, 180, 8, 30, 16, 84, 125, 15, 95, 115, 135, 20, 178, 14, 77, 83, 91, 9, 11
21, 50, 167, 84, 26, 1, 159, 192, 126, 101, 183, 109, 135, 163, 90, 58, 181, 3, 52, 63, 106, 99, 161, 25, 108, 33, 146, 157, 154, 9, 81, 79, 130, 178, 124, 112, 16, 12, 180, 29, 96, 49, 195, 44, 200, 95, 179, 7, 158, 35, 150, 120, 15, 186, 37, 122, 115, 151, 10, 114
60, 119, 175, 30, 86, 66, 44, 89, 197, 154, 72, 141, 126, 136, 162, 130, 195, 16, 121, 95, 70, 176, 187, 2, 93, 184, 34, 37, 165, 58, 104, 151, 79, 179, 56, 49, 128, 155, 193, 24, 116, 120, 99, 171, 64, 48, 20, 8, 111, 21, 168, 12, 161, 45, 76, 41, 31, 27, 33, 105
69, 91, 161, 163, 53, 19, 191, 70, 100, 6, 130, 157, 119, 137, 98, 124, 96, 199, 126, 24, 162, 77, 106, 105, 103, 154, 78, 132, 87, 101, 94, 36, 111, 44, 174, 189, 89, 49, 188, 60, 145, 97, 171, 181, 128, 92, 164, 192, 30, 176, 149, 9, 182, 37, 153, 102, 160, 195, 31, 25
111, 193, 133, 175, 154, 48, 99, 138, 152, 189, 127, 155, 97, 87, 56, 159, 50, 188, 185, 182, 31, 101, 107, 168, 119, 123, 126, 171, 191, 112, 150, 142, 163, 147, 66, 162, 63, 89, 25, 35, 9, 148, 78, 53, 116, 139, 42, 192, 174, 156, 134, 197, 79, 77, 12, 28, 94, 32, 49, 88
112, 101, 161, 57, 104, 21, 199, 75, 125, 167, 163, 97, 64, 120, 65, 170, 100, 44, 148, 47, 141, 94, 181, 15, 195, 12, 51, 7, 41, 115, 150, 33, 162, 56, 54, 34, 139, 149, 83, 32, 129, 6, 198, 132, 147, 2, 159, 53, 136, 127, 156, 28, 77, 190, 82, 93, 11, 183, 153, 72
184, 105, 77, 12, 112, 23, 104, 102, 76, 116, 174, 6, 136, 144, 157, 196, 50, 33, 145, 162, 193, 192, 124, 9, 29, 159, 79, 75, 70, 190, 179, 129, 51, 31, 41, 150, 53, 49, 107, 26, 119, 106, 177, 118, 47, 185, 63, 71, 169, 8, 48, 81, 45, 82, 35, 198, 186, 30, 84, 195
20, 164, 89, 112, 132, 147, 148, 63, 1, 29, 196, 121, 76, 56, 87, 184, 170, 6, 48, 58, 4, 7, 31, 114, 197, 115, 163, 141, 60, 180, 44, 194, 125, 14, 30, 137, 152, 34, 65, 50, 155, 91, 85, 178, 133, 100, 19, 158, 134, 42, 124, 78, 113, 135, 108, 41, 45, 149, 190, 32
149, 183, 135, 122, 108, 16, 139, 154, 72, 186, 188, 184, 176, 83, 13, 173, 52, 26, 78, 5, 200, 11, 23, 136, 19, 168, 180, 107, 123, 66, 18, 74, 84, 97, 109, 27, 12, 34, 100, 134, 94, 6, 199, 164, 58, 170, 77, 166, 14, 3, 57, 115, 96, 181, 162, 71, 63, 50, 126, 81
120, 139, 115, 131, 87, 29, 31, 156, 44, 88, 181, 58, 84, 64, 94, 81, 160, 46, 60, 133, 108, 38, 102, 5, 7, 6, 125, 130, 89, 98, 188, 50, 35, 25, 1, 183, 100, 105, 164, 189, 52, 185, 135, 124, 182, 128, 121, 101, 27, 194, 158, 175, 173, 53, 42, 197, 91, 148, 195, 12
162, 55, 160, 114, 188, 1, 69, 152, 140, 147, 170, 113, 32, 95, 187, 80, 12, 62, 165, 74, 91, 99, 43, 54, 78, 37, 20, 71, 128, 49, 3, 172, 163, 59, 134, 98, 44, 139, 155, 166, 23, 14, 109, 133, 117, 150, 130, 6, 103, 58, 168, 101, 72, 153, 48, 145, 2, 47, 198, 118
10, 44, 75, 109, 120, 141, 51, 130, 77, 67, 72, 147, 36, 151, 52, 159, 55, 131, 179, 104, 73, 156, 150, 175, 103, 69, 62, 39, 93, 142, 146, 30, 8, 56, 89, 94, 126, 129, 153, 80, 16, 167, 155, 82, 58, 183, 123, 115, 22, 42, 190, 178, 47, 157, 137, 4, 165, 162, 158, 29
34, 11, 192, 17, 68, 85, 133, 1, 28, 77, 15, 186, 24, 29, 125, 115, 141, 118, 180, 158, 191, 21, 196, 136, 193, 53, 173, 80, 149, 176, 162, 44, 83, 71, 127, 47, 187, 119, 82, 153, 151, 14, 194, 78, 39, 172, 175, 145, 174, 108, 167, 41, 97, 189, 148, 56, 160, 170, 52, 8
112, 195, 27, 65, 22, 23, 187, 130, 158, 67, 47, 43, 30, 104, 66, 174, 16, 165, 160, 26, 29, 179, 102, 110, 33, 167, 147, 129, 150, 95, 117, 199, 25, 175, 131, 61, 159, 8, 83, 37, 9, 20, 78, 21, 34, 108, 7, 143, 38, 132, 178, 156, 52, 56, 196, 197, 50, 107, 100, 4
14, 173, 74, 165, 22, 147, 84, 12, 122, 183, 68, 105, 69, 17, 172, 167, 120, 136, 7, 75, 109, 77, 47, 146, 50, 142, 184, 72, 43, 30, 119, 154, 62, 174, 159, 79, 38, 112, 65, 140, 175, 138, 6, 59, 153, 116, 178, 157, 132, 176, 97, 60, 99, 4, 86, 3, 182, 115, 108, 124
4, 91, 35, 54, 167, 149, 189, 51, 97, 98, 153, 65, 77, 144, 22, 136, 146, 131, 14, 100, 110, 20, 178, 85, 82, 32, 184, 172, 122, 119, 196, 69, 106, 185, 48, 186, 16, 57, 76, 79, 180, 171, 63, 120, 187, 151, 105, 176, 154, 195, 44, 67, 73, 152, 10, 107, 83, 164, 58, 133
154, 23, 179, 103, 162, 36, 93, 188, 49, 54, 6, 145, 45, 169, 91, 132, 1, 174, 62, 73, 104, 123, 116, 196, 199, 96, 9, 158, 46, 168, 85, 74, 200, 14, 193, 151, 92, 33, 39, 143, 177, 65, 185, 27, 61, 80, 191, 134, 126, 166, 59, 26, 106, 167, 184, 79, 140, 122, 150, 15
136, 10, 36, 5, 132, 105, 182, 183, 30, 81, 23, 19, 26, 95, 194, 49, 93, 119, 102, 139, 120, 147, 181, 146, 141, 169, 22, 72, 186, 156, 200, 172, 124, 90, 108, 83, 39, 191, 25, 33, 68, 6, 29, 195, 178, 173, 101, 113, 60, 79, 109, 189, 48, 9, 180, 80, 31, 69, 125, 144
163, 63, 89, 121, 59, 178, 10, 37, 43, 154, 78, 33, 107, 195, 98, 44, 106, 85, 193, 65, 141, 66, 45, 198, 133, 64, 184, 61, 188, 27, 51, 113, 192, 88, 48, 20, 67, 80, 40, 21, 155, 182, 22, 191, 39, 165, 160, 99, 50, 31, 77, 57, 96, 166, 68, 145, 83, 90, 122, 72
136, 95, 109, 181, 166, 113, 53, 18, 28, 190, 17, 26, 118, 111, 132, 69, 157, 168, 8, 15, 5, 24, 70, 20, 107, 77, 187, 120, 140, 184, 127, 139, 93, 83, 96, 41, 146, 58, 40, 121, 1, 76, 64, 150, 141, 135, 133, 3, 99, 147, 52, 47, 79, 153, 160, 174, 11, 137, 151, 98
109, 144, 171, 52, 49, 9, 150, 107, 37, 95, 22, 166, 103, 53, 146, 41, 122, 132, 108, 85, 134, 4, 199, 137, 26, 56, 94, 173, 99, 184, 200, 148, 112, 61, 81, 16, 125, 176, 20, 45, 104, 91, 78, 93, 39, 66, 33, 157, 167, 140, 182, 34, 174, 160, 90, 141, 35, 120, 6, 194
193, 78, 39, 139, 128, 40, 135, 2, 138, 18, 68, 184, 26, 81, 56, 1, 129, 24, 165, 25, 195, 67, 132, 130, 166, 21, 87, 53, 116, 189, 145, 120, 32, 113, 188, 97, 86, 61, 176, 197, 146, 155, 83, 122, 141, 178, 16, 183, 82, 59, 63, 15, 117, 99, 20, 179, 98, 110, 156, 104
151, 123, 76, 26, 175, 13, 39, 188, 25, 87, 7, 148, 131, 22, 58, 127, 72, 172, 189, 67, 152, 75, 50, 161, 185, 114, 153, 47, 82, 143, 118, 70, 150, 93, 102, 128, 181, 109, 49, 1, 124, 176, 8, 63, 193, 53, 54, 79, 62, 132, 66, 92, 21, 192, 141, 117, 34, 177, 126, 184
5, 52, 40, 143, 136, 23, 107, 129, 149, 155, 53, 123, 100, 126, 148, 110, 111, 19, 9, 117, 145, 87, 60, 164, 25, 30, 101, 43, 195, 133, 150, 83, 96, 99, 8, 108, 185, 86, 197, 74, 137, 77, 102, 161, 56, 34, 18, 73, 113, 95, 142, 55, 31, 37, 119, 156, 69, 160, 89, 189
114, 165, 166, 98, 142, 187, 104, 158, 147, 39, 107, 15, 115, 167, 124, 193, 181, 127, 66, 78, 90, 130, 34, 128, 40, 33, 6, 126, 150, 184, 65, 11, 196, 68, 140, 55, 173, 92, 168, 190, 117, 119, 188, 178, 139, 49, 125, 179, 27, 87, 120, 88, 81, 122, 29, 30, 35, 57, 134, 82
78, 49, 45, 95, 166, 32, 132, 84, 27, 14, 105, 123, 11, 113, 12, 19, 137, 200, 121, 25, 171, 98, 99, 129, 192, 10, 77, 143, 80, 8, 50, 94, 62, 96, 131, 36, 125, 102, 70, 43, 91, 189, 139, 3, 187, 115, 81, 140, 73, 152, 82, 29, 155, 65, 109, 136, 161, 100, 4, 83
75, 51, 103, 20, 36, 86, 94, 14, 175, 77, 187, 189, 70, 3, 98, 182, 161, 64, 53, 126, 183, 137, 160, 97, 85, 131, 193, 68, 155, 93, 106, 23, 151, 200, 11, 101, 138, 41, 186, 6, 84, 140, 136, 12, 90, 142, 95, 179, 100, 62, 73, 82, 171, 174, 38, 24, 157, 124, 107, 16
44, 96, 190, 67, 177, 74, 59, 143, 180, 84, 123, 79, 38, 85, 11, 1, 73, 195, 108, 156, 116, 24, 188, 93, 62, 29, 121, 176, 200, 9, 86, 97, 179, 31, 91, 81, 27, 135, 132, 2, 23, 61, 68, 37, 113, 119, 22, 10, 80, 65, 145, 35, 4, 111, 106, 16, 158, 125, 147, 154
176, 187, 166, 92, 168, 172, 135, 152, 9, 194, 119, 163, 164, 103, 179, 127, 102, 191, 68, 146, 12, 74, 62, 131, 49, 24, 78, 13, 25, 145, 67, 99, 161, 153, 35, 118, 57, 31, 198, 188, 196, 90, 200, 116, 58, 53, 23, 22, 144, 44, 82, 104, 30, 169, 10, 70, 76, 134, 105, 171
83, 170, 122, 49, 72, 59, 102, 63, 135, 146, 137, 95, 75, 79, 198, 140, 148, 29, 115, 182, 97, 42, 167, 190, 19, 23, 144, 32, 188, 8, 131, 96, 154, 84, 191, 25, 70, 200, 20, 107, 163, 186, 45, 12, 52, 133, 81, 181, 155, 38, 149, 87, 36, 60, 85, 125, 168, 68, 169, 21
167, 7, 166, 183, 124, 90, 59, 197, 100, 38, 110, 157, 39, 158, 48, 120, 152, 85, 74, 42, 130, 28, 181, 71, 159, 115, 66, 177, 112, 196, 24, 142, 164, 122, 46, 89, 129, 19, 95, 179, 36, 75, 27, 9, 14, 121, 16, 69, 78, 15, 1, 81, 126, 80, 83, 33, 113, 103, 22, 107
94, 115, 200, 31, 77, 74, 87, 4, 90, 8, 199, 174, 42, 97, 142, 25, 95, 127, 162, 101, 1, 10, 187, 119, 57, 191, 188, 148, 105, 53, 107, 113, 152, 13, 151, 111, 17, 19, 16, 140, 125, 93, 85, 5, 72, 183, 130, 189, 126, 96, 20, 121, 104, 23, 91, 45, 155, 43, 35, 11
116, 17, 86, 140, 195, 110, 162, 117, 154, 179, 73, 33, 14, 161, 53, 142, 61, 123, 28, 168, 2, 176, 50, 174, 198, 32, 186, 30, 199, 80, 167, 139, 45, 138, 134, 187, 104, 125, 184, 27, 97, 5, 99, 119, 100, 23, 194, 127, 172, 150, 74, 55, 163, 13, 193, 197, 131, 136, 77, 166
25, 49, 132, 136, 188, 10, 100, 18, 104, 156, 98, 72, 15, 8, 186, 168, 193, 6, 189, 157, 93, 142, 115, 167, 120, 133, 58, 151, 160, 119, 52, 174, 122, 138, 12, 22, 59, 125, 75, 163, 67, 5, 135, 114, 113, 165, 111, 78, 1, 36, 76, 41, 178, 153, 95, 64, 196, 172, 179, 79
112, 113, 54, 70, 109, 184, 31, 177, 167, 37, 172, 48, 166, 193, 67, 58, 78, 108, 30, 47, 119, 64, 87, 143, 21, 162, 114, 181, 49, 197, 151, 98, 131, 85, 200, 141, 95, 17, 185, 122, 145, 134, 26, 23, 83, 164, 198, 1, 52, 142, 111, 60, 82, 56, 196, 190, 115, 41, 178, 73
125, 124, 198, 111, 63, 40, 57, 134, 19, 44, 90, 77, 115, 84, 23, 174, 108, 129, 197, 102, 39, 3, 36, 87, 109, 110, 53, 170, 101, 140, 107, 146, 114, 74, 30, 162, 176, 200, 55, 186, 133, 42, 121, 171, 139, 22, 65, 159, 25, 5, 61, 148, 119, 4, 51, 59, 135, 141, 189, 47
141, 184, 66, 10, 199, 100, 67, 143, 157, 154, 45, 22, 85, 63, 42, 183, 2, 104, 180, 88, 138, 32, 164, 82, 123, 192, 92, 172, 125, 106, 69, 79, 126, 150, 170, 133, 134, 6, 27, 194, 73, 70, 47, 161, 112, 25, 7, 146, 169, 200, 187, 34, 124, 110, 93, 54, 147, 98, 91, 108
52, 18, 119, 156, 78, 101, 47, 30, 164, 137, 136, 100, 21, 181, 25, 125, 59, 60, 65, 110, 116, 162, 15, 32, 27, 124, 46, 170, 183, 185, 10, 37, 19, 111, 87, 62, 151, 61, 144, 73, 45, 120, 182, 155, 70, 14, 140, 53, 28, 41, 96, 98, 82, 141, 43, 132, 158, 187, 66, 34
139, 65, 196, 60, 5, 72, 4, 200, 185, 186, 162, 109, 173, 128, 192, 29, 106, 27, 8, 145, 37, 61, 10, 141, 158, 130, 198, 26, 119, 74, 84, 76, 116, 64, 179, 101, 126, 20, 146, 17, 83, 51, 182, 191, 19, 195, 71, 25, 85, 98, 144, 32, 150, 197, 58, 163, 13, 81, 194, 171
25, 173, 188, 130, 92, 4, 160, 96, 177, 138, 56, 22, 27, 82, 156, 137, 184, 37, 30, 20, 28, 147, 123, 133, 126, 106, 38, 105, 78, 176, 125, 119, 98, 80, 120, 90, 180, 102, 24, 122, 116, 46, 145, 140, 108, 87, 1, 53, 36, 68, 5, 171, 7, 23, 144, 146, 17, 41, 83, 3
77, 49, 33, 174, 53, 19, 2, 113, 17, 103, 91, 192, 81, 96, 20, 101, 149, 109, 125, 154, 38, 65, 168, 171, 61, 102, 191, 98, 155, 10, 90, 68, 32, 60, 50, 79, 158, 120, 4, 163, 135, 200, 44, 180, 69, 40, 34, 122, 30, 71, 58, 27, 129, 185, 70, 195, 94, 104, 138, 150
123, 100, 76, 13, 146, 180, 132, 21, 167, 44, 14, 3, 122, 52, 172, 138, 12, 23, 171, 98, 43, 150, 118, 190, 112, 69, 81, 79, 33, 159, 92, 60, 157, 191, 147, 145, 188, 4, 199, 51, 168, 56, 148, 129, 29, 175, 198, 120, 87, 184, 194, 36, 133, 162, 24, 104, 149, 156, 186, 26
5, 81, 97, 143, 142, 174, 21, 69, 54, 82, 167, 150, 107, 124, 77, 132, 171, 136, 47, 62, 118, 182, 197, 141, 193, 138, 128, 49, 26, 46, 111, 103, 129, 123, 52, 38, 145, 72, 87, 9, 98, 20, 78, 188, 183, 130, 74, 86, 84, 95, 159, 43, 185, 64, 113, 10, 51, 144, 60, 28
80, 40, 83, 53, 138, 184, 194, 180, 186, 14, 19, 70, 198, 24, 133, 148, 156, 21, 89, 50, 131, 69, 200, 48, 151, 103, 176, 94, 67, 34, 81, 166, 54, 130, 96, 42, 125, 114, 190, 20, 169, 111, 63, 143, 102, 187, 109, 28, 51, 33, 41, 101, 47, 5, 87, 49, 121, 4, 13, 26
155, 130, 2, 93, 97, 82, 109, 193, 35, 122, 95, 12, 36, 28, 101, 131, 48, 153, 166, 86, 132, 65, 32, 31, 55, 4, 91, 23, 70, 195, 137, 134, 78, 47, 33, 178, 58, 74, 75, 40, 49, 179, 94, 138, 98, 57, 196, 140, 89, 67, 84, 159, 8, 191, 10, 19, 143, 80, 104, 118
148, 118, 115, 176, 199, 72, 140, 130, 28, 24, 66, 123, 149, 49, 54, 58, 150, 22, 38, 12, 198, 99, 23, 180, 21, 125, 108, 89, 20, 5, 126, 171, 155, 59, 138, 75, 62, 7, 95, 34, 166, 174, 193, 141, 68, 91, 124, 96, 13, 83, 100, 151, 114, 82, 163, 65, 146, 136, 73, 35
84, 96, 175, 191, 53, 136, 169, 61, 105, 119, 171, 146, 156, 13, 71, 185, 199, 5, 186, 15, 30, 80, 97, 25, 198, 98, 113, 87, 103, 2, 79, 83, 12, 74, 141, 101, 163, 29, 69, 67, 94, 27, 107, 43, 75, 51, 187, 152, 65, 196, 117, 143, 183, 144, 139, 114, 38, 170, 37, 77
140, 160, 36, 1, 154, 122, 152, 5, 134, 170, 78, 142, 200, 19, 161, 101, 44, 35, 70, 45, 17, 37, 118, 83, 10, 169, 65, 56, 58, 89, 151, 130, 4, 196, 159, 8, 189, 75, 114, 6, 185, 13, 186, 38, 59, 183, 111, 187, 82, 178, 158, 133, 127, 110, 165, 182, 12, 22, 176, 109
5, 50, 131, 59, 39, 108, 143, 10, 87, 130, 167, 180, 154, 118, 168, 67, 105, 147, 149, 140, 72, 153, 37, 16, 157, 162, 187, 47, 124, 178, 160, 193, 191, 102, 32, 61, 99, 79, 172, 86, 45, 62, 44, 42, 75, 174, 138, 129, 57, 46, 144, 194, 125, 36, 196, 4, 83, 53, 94, 84
78, 40, 140, 150, 42, 25, 199, 82, 125, 149, 1, 152, 196, 99, 157, 133, 168, 5, 54, 16, 135, 146, 58, 197, 163, 131, 12, 136, 190, 18, 102, 26, 184, 183, 193, 104, 114, 81, 6, 93, 70, 80, 60, 36, 13, 94, 33, 101, 7, 187, 192, 66, 109, 106, 156, 20, 11, 57, 77, 191
29, 76, 162, 161, 193, 3, 134, 38, 158, 57, 50, 7, 117, 170, 111, 31, 77, 13, 40, 103, 115, 136, 168, 32, 135, 39, 129, 153, 51, 159, 187, 143, 88, 95, 189, 163, 160, 145, 70, 1, 122, 24, 54, 97, 72, 16, 2, 138, 49, 192, 11, 85, 55, 155, 195, 12, 123, 86, 130, 198
142, 85, 157, 168, 178, 105, 102, 87, 17, 166, 58, 116, 80, 155, 57, 74, 32, 86, 130, 156, 93, 82, 94, 100, 106, 113, 132, 149, 146, 70, 109, 144, 64, 47, 135, 12, 114, 36, 175, 193, 28, 76, 65, 98, 183, 16, 191, 78, 174, 143, 22, 186, 198, 199, 167, 25, 189, 90, 20, 62
25, 180, 79, 174, 116, 103, 8, 20, 2, 150, 54, 179, 86, 104, 151, 195, 24, 75, 147, 99, 14, 178, 47, 165, 172, 44, 49, 169, 63, 18, 6, 173, 50, 40, 31, 105, 167, 17, 188, 37, 191, 46, 160, 132, 126, 141, 185, 129, 1, 156, 3, 184, 157, 51, 98, 108, 115, 163, 135, 190
4, 13, 37, 52, 75, 169, 102, 78, 183, 20, 23, 41, 164, 143, 31, 193, 47, 86, 34, 144, 159, 84, 91, 197, 145, 51, 18, 132, 176, 30, 148, 58, 94, 107, 80, 56, 130, 121, 48, 26, 32, 191, 14, 62, 87, 118, 59, 95, 134, 125, 61, 19, 181, 9, 179, 82, 68, 105, 141, 155
182, 70, 68, 189, 29, 93, 164, 105, 200, 65, 30, 115, 175, 176, 58, 171, 131, 44, 89, 119, 54, 85, 94, 9, 108, 51, 71, 133, 180, 28, 120, 127, 35, 73, 6, 43, 47, 123, 63, 167, 138, 140, 46, 193, 7, 143, 10, 174, 186, 116, 112, 98, 45, 48, 149, 5, 33, 109, 195, 55
184, 37, 56, 7, 168, 111, 185, 176, 30, 79, 75, 63, 187, 129, 150, 188, 132, 51, 112, 173, 54, 102, 96, 13, 53, 148, 140, 133, 181, 5, 137, 86, 183, 93, 136, 94, 178, 108, 32, 12, 169, 2, 101, 55, 160, 57, 89, 52, 23, 49, 80, 91, 161, 73, 31, 42, 19, 67, 149, 193
139, 147, 65, 28, 37, 160, 197, 128, 89, 63, 140, 13, 117, 113, 15, 68, 158, 47, 32, 22, 105, 122, 144, 148, 95, 173, 57, 58, 93, 104, 170, 23, 129, 61, 77, 100, 41, 16, 118, 119, 40, 83, 87, 20, 188, 169, 29, 2, 8, 7, 153, 75, 165, 106, 56, 194, 74, 189, 88, 125
117, 27, 39, 100, 9, 52, 22, 57, 125, 37, 140, 1, 28, 63, 138, 114, 163, 135, 179, 157, 16, 93, 38, 143, 65, 45, 82, 159, 73, 80, 184, 4, 44, 181, 178, 15, 88, 77, 139, 136, 186, 87, 60, 24, 59, 149, 106, 41, 102, 111, 113, 109, 187, 142, 180, 70, 133, 86, 81, 148
181, 119, 16, 79, 109, 14, 191, 193, 110, 23, 64, 130, 25, 151, 174, 135, 106, 72, 185, 12, 169, 150, 99, 144, 132, 154, 13, 78, 199, 57, 137, 168, 183, 21, 5, 39, 86, 49, 149, 26, 156, 63, 182, 52, 173, 59, 98, 128, 58, 159, 107, 40, 177, 134, 120, 115, 56, 87, 80, 50
104, 90, 118, 21, 64, 69, 55, 105, 184, 77, 132, 151, 143, 166, 41, 63, 198, 109, 65, 8, 87, 112, 60, 154, 53, 100, 106, 3, 131, 61, 59, 91, 49, 96, 51, 148, 15, 38, 84, 178, 11, 155, 138, 158, 126, 5, 133, 193, 159, 75, 177, 47, 116, 150, 70, 120, 185, 74, 46, 145
18, 56, 77, 195, 142, 47, 187, 44, 69, 168, 20, 118, 188, 10, 117, 126, 51, 130, 43, 103, 167, 115, 178, 131, 164, 137, 61, 141, 38, 87, 91, 66, 29, 111, 112, 169, 13, 60, 196, 147, 40, 176, 151, 106, 55, 63, 30, 74, 108, 70, 163, 88, 181, 102, 124, 31, 101, 45, 105, 145
64, 183, 39, 13, 118, 1, 38, 63, 46, 105, 186, 75, 36, 26, 107, 149, 2, 24, 127, 150, 178, 196, 32, 164, 45, 161, 49, 116, 28, 14, 125, 21, 55, 66, 142, 165, 37, 5, 152, 90, 73, 124, 68, 15, 112, 198, 72, 79, 51, 71, 85, 140, 3, 192, 47, 74, 163, 134, 106, 182
66, 115, 7, 16, 169, 97, 18, 90, 20, 2, 122, 72, 53, 108, 47, 156, 112, 118, 163, 149, 35, 186, 57, 168, 26, 192, 184, 148, 174, 29, 124, 83, 12, 166, 39, 46, 173, 162, 140, 88, 89, 8, 126, 106, 191, 154, 183, 182, 197, 129, 138, 84, 131, 77, 153, 176, 135, 62, 40, 15
104, 184, 68, 66, 152, 164, 144, 168, 157, 52, 5, 92, 149, 32, 181, 177, 170, 6, 199, 197, 171, 94, 136, 200, 119, 10, 43, 9, 130, 93, 143, 96, 109, 28, 84, 89, 151, 114, 76, 35, 134, 23, 42, 178, 147, 158, 121, 83, 26, 193, 159, 54, 124, 162, 190, 20, 16, 58, 86, 51
130, 88, 155, 56, 165, 72, 73, 195, 69, 170, 63, 121, 62, 157, 52, 116, 74, 196, 133, 173, 3, 161, 83, 87, 135, 36, 156, 85, 178, 76, 98, 54, 84, 153, 37, 185, 91, 45, 89, 5, 2, 57, 167, 127, 15, 189, 187, 77, 168, 123, 115, 138, 110, 101, 184, 172, 81, 65, 191, 131
58, 193, 188, 4, 96, 185, 138, 180, 135, 159, 110, 173, 142, 134, 196, 20, 168, 72, 11, 5, 169, 38, 124, 94, 153, 127, 9, 95, 12, 122, 48, 136, 162, 89, 161, 143, 80, 16, 87, 93, 81, 47, 160, 167, 84, 156, 77, 36, 170, 151, 106, 66, 190, 198, 125, 129, 187, 141, 166, 64
190, 46, 150, 27, 138, 12, 180, 4, 69, 166, 160, 55, 191, 59, 124, 77, 48, 165, 88, 87, 50, 114, 99, 80, 193, 123, 182, 135, 167, 113, 144, 70, 5, 37, 117, 175, 9, 67, 169, 44, 110, 32, 171, 109, 179, 164, 34, 36, 13, 31, 91, 189, 161, 96, 162, 140, 38, 173, 90, 39
82, 107, 106, 85, 108, 152, 161, 99, 145, 127, 81, 173, 133, 11, 86, 151, 168, 64, 23, 139, 169, 52, 180, 197, 121, 59, 4, 163, 68, 38, 42, 114, 200, 189, 28, 80, 79, 10, 39, 24, 91, 66, 56, 181, 123, 170, 95, 162, 112, 199, 164, 45, 153, 126, 157, 144, 37, 33, 196, 143
190, 119, 141, 41, 181, 122, 92, 96, 163, 63, 44, 132, 118, 128, 187, 23, 14, 193, 188, 26, 136, 198, 89, 126, 31, 13, 86, 156, 56, 195, 67, 64, 147, 77, 184, 151, 143, 166, 19, 191, 197, 94, 53, 161, 90, 21, 29, 65, 45, 95, 180, 73, 106, 148, 123, 130, 103, 9, 176, 6
44, 164, 16, 5, 147, 199, 149, 9, 152, 13, 127, 55, 134, 91, 140, 139, 131, 29, 6, 7, 162, 97, 23, 159, 25, 11, 67, 12, 165, 4, 195, 174, 178, 102, 60, 190, 183, 151, 194, 169, 153, 104, 89, 94, 75, 142, 163, 156, 70, 141, 3, 125, 150, 51, 192, 68, 110, 49, 100, 86
87, 39, 121, 45, 179, 197, 100, 49, 83, 126, 51, 55, 28, 60, 58, 6, 35, 78, 54, 76, 118, 181, 188, 189, 14, 185, 178, 36, 115, 46, 90, 3, 158, 108, 141, 173, 21, 12, 16, 168, 148, 128, 38, 137, 7, 165, 175, 62, 127, 10, 34, 145, 41, 5, 53, 133, 18, 190, 186, 135
71, 184, 148, 73, 119, 185, 102, 55, 195, 190, 16, 33, 28, 142, 182, 41, 134, 154, 91, 140, 57, 4, 163, 183, 35, 98, 5, 31, 84, 3, 47, 186, 117, 78, 156, 36, 180, 38, 129, 135, 128, 150, 200, 64, 51, 46, 143, 10, 173, 23, 114, 14, 125, 126, 161, 176, 164, 189, 158, 192
25, 98, 164, 143, 4, 147, 200, 9, 75, 30, 97, 37, 124, 7, 120, 96, 39, 178, 170, 194, 155, 196, 17, 22, 103, 173, 197, 14, 56, 27, 195, 117, 154, 192, 157, 134, 182, 135, 13, 84, 70, 77, 64, 150, 171, 159, 38, 109, 63, 199, 198, 18, 152, 136, 130, 187, 87, 121, 128, 90
193, 46, 187, 136, 112, 110, 154, 166, 2, 92, 9, 104, 164, 188, 98, 175, 63, 140, 7, 119, 128, 159, 8, 40, 142, 100, 161, 94, 47, 67, 165, 26, 60, 189, 125, 105, 124, 113, 75, 109, 195, 117, 180, 93, 30, 190, 3, 70, 162, 18, 17, 126, 78, 115, 152, 169, 58, 134, 131, 155
150, 107, 22, 65, 180, 166, 126, 88, 184, 69, 32, 25, 77, 155, 63, 91, 146, 30, 90, 151, 50, 52, 1, 175, 4, 16, 3, 14, 35, 55, 179, 85, 190, 142, 48, 60, 189, 199, 62, 59, 116, 113, 197, 174, 47, 173, 15, 67, 194, 162, 98, 56, 148, 182, 66, 40, 34, 153, 181, 147
194, 27, 125, 72, 143, 134, 159, 24, 138, 74, 199, 165, 8, 195, 170, 63, 20, 55, 152, 111, 133, 112, 82, 31, 79, 124, 169, 80, 106, 130, 77, 131, 146, 181, 197, 104, 182, 173, 187, 129, 6, 64, 155, 153, 154, 148, 115, 132, 135, 81, 37, 98, 18, 39, 101, 176, 162, 96, 11, 15
170, 61, 160, 73, 16, 55, 83, 21, 116, 32, 126, 18, 131, 53, 72, 105, 166, 158, 174, 120, 115, 173, 176, 168, 151, 107, 54, 154, 80, 187, 199, 180, 3, 51, 146, 24, 195, 9, 103, 89, 31, 28, 183, 50, 60, 64, 186, 17, 27, 194, 58, 136, 189, 5, 84, 184, 14, 145, 88, 39
33, 61, 32, 14, 93, 74, 157, 72, 7, 43, 56, 96, 34, 60, 12, 165, 123, 115, 156, 44, 40, 114, 85, 13, 151, 79, 116, 132, 106, 144, 57, 136, 198, 121, 120, 172, 195, 23, 133, 135, 148, 21, 2, 66, 177, 186, 159, 183, 113, 6, 29, 140, 190, 196, 69, 173, 31, 55, 38, 103
175, 118, 34, 154, 3, 71, 63, 169, 198, 186, 137, 122, 182, 5, 158, 113, 164, 107, 80, 179, 100, 40, 167, 176, 52, 30, 44, 69, 54, 76, 82, 43, 156, 178, 199, 131, 155, 19, 115, 8, 9, 183, 97, 192, 17, 111, 91, 14, 147, 23, 58, 49, 191, 27, 173, 132, 77, 18, 161, 11
181, 86, 45, 134, 194, 165, 34, 128, 174, 7, 2, 67, 106, 79, 89, 146, 15, 176, 3, 192, 191, 90, 76, 147, 24, 63, 55, 167, 109, 57, 172, 170, 125, 50, 75, 85, 87, 44, 5, 150, 8, 137, 18, 159, 98, 179, 26, 69, 38, 154, 83, 112, 91, 41, 71, 126, 162, 88, 155, 145
179, 155, 170, 17, 24, 157, 145, 85, 154, 126, 22, 103, 4, 175, 178, 173, 186, 42, 191, 53, 132, 176, 105, 172, 183, 164, 184, 36, 10, 89, 109, 78, 60, 141, 153, 92, 34, 136, 128, 146, 117, 74, 9, 114, 102, 66, 123, 73, 39, 93, 106, 44, 131, 133, 79, 58, 98, 198, 70, 110
30, 109, 100, 74, 6, 49, 90, 104, 155, 152, 194, 27, 59, 40, 69, 58, 106, 193, 60, 164, 107, 116, 62, 46, 21, 122, 113, 64, 138, 78, 57, 123, 102, 190, 192, 129, 72, 145, 144, 53, 126, 56, 20, 170, 94, 81, 200, 95, 133, 166, 71, 86, 51, 124, 149, 68, 125, 15, 45, 188
199, 182, 151, 84, 1, 191, 18, 155, 82, 121, 159, 24, 107, 164, 139, 115, 42, 145, 69, 31, 137, 149, 29, 67, 186, 90, 22, 6, 88, 68, 57, 124, 91, 104, 50, 179, 150, 170, 173, 154, 195, 47, 33, 39, 95, 120, 122, 99, 133, 58, 11, 19, 144, 116, 130, 174, 96, 163, 109, 102
94, 155, 108, 132, 21, 159, 27, 119, 79, 49, 41, 14, 4, 87, 78, 111, 30, 107, 62, 9, 146, 187, 197, 1, 11, 135, 138, 48, 43, 60, 114, 148, 69, 55, 74, 75, 61, 152, 20, 199, 120, 52, 178, 51, 67, 70, 129, 91, 140, 7, 170, 13, 147, 122, 183, 169, 121, 139, 56, 158
12, 109, 158, 101, 50, 38, 55, 122, 121, 65, 58, 132, 71, 96, 118, 66, 23, 93, 3, 177, 125, 150, 2, 30, 151, 6, 26, 67, 135, 119, 156, 200, 9, 166, 88, 28, 79, 33, 194, 191, 44, 62, 145, 29, 1, 199, 165, 115, 128, 130, 108, 54, 162, 5, 61, 147, 142, 167, 11, 84
170, 83, 106, 27, 56, 176, 104, 9, 131, 39, 51, 174, 42, 52, 74, 121, 2, 173, 98, 32, 138, 53, 132, 197, 187, 29, 17, 73, 144, 30, 135, 14, 10, 127, 165, 151, 67, 69, 12, 48, 164, 183, 49, 168, 100, 6, 150, 43, 4, 112, 180, 185, 154, 120, 117, 18, 88, 31, 175, 110
20, 168, 160, 184, 108, 36, 18, 133, 178, 151, 29, 27, 38, 149, 173, 171, 156, 144, 54, 48, 121, 60, 181, 3, 115, 161, 4, 102, 92, 74, 16, 35, 103, 76, 39, 109, 153, 37, 81, 79, 105, 11, 84, 21, 155, 87, 78, 126, 110, 107, 159, 118, 164, 69, 193, 56, 135, 114, 61, 33
153, 178, 197, 199, 104, 53, 117, 174, 84, 123, 167, 108, 168, 127, 160, 128, 8, 136, 30, 83, 39, 36, 129, 62, 131, 75, 176, 172, 46, 116, 50, 77, 181, 7, 151, 25, 37, 49, 130, 31, 20, 124, 132, 149, 184, 194, 188, 163, 44, 186, 42, 11, 110, 166, 119, 33, 47, 94, 32, 14
121, 48, 184, 105, 40, 3, 67, 111, 154, 74, 31, 58, 66, 13, 65, 95, 106, 135, 114, 27, 191, 162, 180, 192, 29, 55, 71, 26, 188, 103, 102, 134, 197, 182, 166, 138, 195, 145, 139, 82, 80, 168, 167, 196, 47, 30, 8, 43, 120, 117, 148, 51, 18, 177, 24, 147, 176, 79, 75, 57
141, 33, 99, 15, 10, 183, 137, 24, 54, 107, 109, 43, 165, 42, 175, 49, 198, 68, 192, 143, 60, 103, 122, 172, 159, 22, 58, 50, 173, 82, 154, 123, 120, 3, 55, 177, 47, 31, 179, 53, 98, 67, 112, 90, 63, 61, 97, 93, 200, 88, 142, 75, 72, 40, 162, 178, 188, 119, 17, 160
86, 61, 129, 71, 112, 134, 80, 136, 26, 81, 91, 156, 160, 184, 82, 147, 4, 111, 199, 28, 178, 24, 191, 141, 107, 110, 69, 124, 27, 117, 161, 58, 32, 197, 181, 176, 39, 17, 185, 52, 195, 162, 169, 57, 22, 3, 47, 8, 60, 137, 123, 171, 21, 70, 122, 84, 23, 15, 180, 103
155, 161, 94, 103, 154, 138, 66, 160, 194, 61, 28, 104, 25, 140, 19, 64, 119, 83, 17, 16, 128, 18, 43, 163, 79, 151, 72, 173, 148, 134, 112, 181, 49, 45, 142, 57, 175, 145, 111, 65, 88, 100, 22, 2, 6, 124, 37, 44, 81, 71, 24, 93, 30, 152, 131, 109, 102, 179, 115, 80
90, 162, 49, 129, 74, 171, 167, 78, 23, 34, 4, 128, 108, 165, 21, 76, 47, 199, 185, 122, 55, 39, 186, 151, 120, 124, 86, 79, 106, 138, 172, 192, 133, 99, 84, 85, 121, 102, 179, 60, 109, 92, 91, 104, 115, 194, 38, 83, 59, 130, 200, 24, 164, 43, 137, 28, 20, 1, 154, 174
155, 200, 82, 138, 139, 103, 76, 11, 198, 54, 132, 51, 199, 147, 105, 48, 142, 117, 35, 118, 126, 89, 177, 183, 173, 186, 184, 85, 174, 106, 171, 193, 6, 129, 97, 160, 15, 140, 146, 159, 180, 84, 197, 67, 175, 135, 156, 68, 18, 65, 38, 191, 165, 187, 120, 192, 9, 77, 169, 64
150, 16, 142, 32, 110, 199, 168, 63, 113, 189, 170, 179, 178, 188, 121, 192, 74, 152, 126, 68, 86, 31, 7, 18, 94, 79, 164, 143, 162, 160, 22, 180, 138, 139, 155, 171, 120, 89, 125, 165, 146, 6, 122, 9, 8, 148, 2, 159, 195, 29, 71, 128, 93, 132, 186, 78, 103, 47, 98, 4
156, 192, 157, 63, 34, 116, 184, 88, 96, 73, 180, 145, 131, 6, 178, 127, 36, 26, 48, 105, 37, 35, 90, 158, 148, 103, 79, 7, 28, 98, 24, 75, 172, 123, 38, 119, 29, 54, 49, 16, 59, 82, 104, 155, 188, 107, 50, 87, 47, 110, 52, 32, 149, 53, 86, 21, 70, 186, 146, 170
43, 194, 60, 16, 107, 147, 78, 120, 13, 68, 59, 12, 170, 160, 8, 102, 32, 18, 85, 75, 195, 92, 9, 54, 17, 164, 185, 41, 155, 71, 123, 65, 2, 180, 129, 161, 143, 171, 15, 37, 103, 51, 132, 135, 114, 182, 145, 158, 115, 121, 150, 47, 137, 56, 110, 64, 49, 175, 101, 3
5, 55, 104, 174, 197, 27, 173, 103, 84, 157, 97, 26, 50, 95, 156, 178, 146, 199, 56, 83, 34, 19, 4, 118, 1, 42, 115, 191, 158, 192, 85, 109, 36, 117, 139, 122, 39, 99, 113, 72, 121, 106, 155, 110, 73, 198, 91, 93, 160, 102, 75, 22, 90, 14, 41, 175, 111, 98, 80, 8
101, 130, 135, 123, 16, 15, 100, 5, 140, 171, 108, 58, 106, 60, 172, 179, 164, 13, 104, 81, 29, 27, 96, 11, 109, 99, 160, 143, 64, 117, 56, 166, 161, 74, 6, 111, 115, 105, 138, 132, 43, 175, 112, 91, 69, 97, 182, 133, 73, 147, 194, 102, 17, 177, 165, 72, 32, 47, 152, 84
147, 9, 145, 162, 10, 94, 177, 135, 128, 152, 174, 91, 12, 32, 16, 3, 175, 200, 8, 101, 46, 117, 168, 109, 184, 40, 131, 160, 2, 47, 196, 191, 60, 173, 198, 44, 144, 71, 98, 132, 25, 134, 140, 165, 79, 197, 181, 164, 27, 19, 38, 1, 146, 11, 166, 42, 139, 6, 158, 74
74, 57, 195, 119, 140, 136, 186, 111, 50, 156, 167, 122, 24, 194, 146, 5, 185, 172, 144, 1, 93, 94, 120, 95, 11, 70, 40, 86, 89, 75, 65, 191, 164, 34, 30, 128, 113, 92, 66, 8, 16, 36, 163, 141, 59, 155, 23, 98, 7, 104, 64, 159, 96, 109, 179, 149, 105, 114, 139, 83
59, 79, 152, 156, 3, 68, 43, 183, 194, 175, 99, 159, 39, 54, 146, 17, 191, 94, 108, 160, 137, 63, 151, 150, 193, 2, 158, 91, 29, 90, 170, 197, 185, 64, 96, 200, 61, 139, 192, 120, 69, 58, 179, 34, 15, 182, 6, 50, 122, 115, 112, 19, 103, 73, 53, 8, 52, 169, 105, 56
188, 54, 98, 130, 149, 87, 194, 171, 166, 143, 113, 109, 6, 8, 91, 81, 169, 57, 105, 38, 152, 117, 97, 193, 114, 41, 45, 26, 141, 33, 29, 67, 174, 61, 190, 186, 164, 177, 50, 172, 2, 13, 14, 106, 42, 116, 64, 72, 53, 173, 167, 110, 107, 5, 198, 4, 1, 158, 20, 17
54, 13, 43, 157, 116, 104, 7, 179, 175, 115, 15, 198, 39, 31, 44, 172, 65, 163, 118, 18, 176, 67, 70, 171, 160, 134, 193, 195, 35, 16, 36, 12, 120, 183, 164, 86, 84, 76, 88, 14, 161, 64, 173, 107, 184, 21, 34, 10, 133, 112, 192, 63, 28, 92, 81, 9, 142, 123, 97, 24
36, 5, 50, 100, 49, 147, 144, 80, 179, 77, 30, 17, 56, 125, 177, 22, 112, 73, 128, 141, 105, 171, 87, 182, 18, 175, 146, 78, 26, 45, 185, 142, 192, 59, 109, 11, 70, 155, 113, 187, 103, 63, 154, 158, 129, 115, 101, 106, 92, 122, 7, 66, 189, 152, 40, 2, 173, 131, 43, 27
7, 42, 178, 43, 181, 149, 110, 108, 140, 159, 89, 192, 147, 100, 174, 135, 116, 82, 161, 117, 94, 2, 86, 124, 199, 60, 153, 133, 105, 12, 193, 29, 4, 185, 63, 191, 101, 168, 196, 187, 20, 171, 45, 130, 41, 25, 91, 106, 34, 162, 164, 197, 84, 139, 11, 154, 148, 79, 74, 48
70, 198, 173, 74, 4, 75, 194, 69, 9, 28, 199, 16, 11, 200, 108, 137, 5, 86, 26, 35, 107, 47, 134, 13, 3, 119, 82, 72, 186, 191, 101, 111, 96, 103, 170, 6, 92, 118, 73, 46, 68, 98, 34, 157, 94, 42, 125, 117, 67, 152, 52, 45, 29, 53, 162, 8, 18, 148, 106, 159
70, 195, 162, 63, 74, 81, 118, 30, 191, 120, 23, 95, 18, 62, 64, 159, 102, 146, 41, 125, 141, 51, 4, 14, 194, 36, 24, 123, 117, 76, 197, 61, 52, 39, 147, 175, 172, 7, 140, 65, 185, 32, 9, 137, 127, 72, 99, 6, 91, 113, 187, 184, 20, 174, 198, 42, 22, 129, 53, 168
177, 124, 28, 40, 146, 101, 142, 3, 179, 26, 86, 167, 135, 61, 66, 27, 62, 125, 138, 158, 134, 88, 159, 99, 45, 118, 54, 72, 32, 21, 59, 92, 200, 110, 170, 97, 176, 113, 94, 57, 55, 150, 148, 131, 163, 161, 63, 34, 87, 89, 119, 80, 102, 14, 198, 121, 18, 70, 156, 12
70, 180, 90, 24, 136, 194, 143, 41, 92, 3, 163, 61, 100, 173, 12, 166, 89, 137, 36, 149, 130, 80, 150, 29, 146, 197, 82, 33, 79, 123, 156, 20, 95, 78, 105, 107, 83, 15, 190, 26, 113, 198, 178, 77, 188, 164, 175, 25, 53, 155, 30, 191, 181, 96, 138, 101, 153, 200, 47, 120
61, 19, 194, 165, 154, 108, 100, 95, 21, 153, 110, 58, 131, 176, 80, 161, 50, 146, 71, 67, 2, 141, 99, 32, 25, 137, 75, 157, 139, 42, 96, 48, 182, 107, 12, 72, 10, 44, 70, 160, 60, 92, 126, 33, 136, 169, 22, 127, 112, 179, 78, 199, 68, 45, 151, 166, 77, 106, 85, 36
86, 1, 145, 91, 156, 22, 124, 111, 52, 174, 53, 162, 135, 32, 176, 20, 123, 149, 108, 189, 42, 43, 166, 49, 192, 137, 151, 75, 5, 36, 101, 134, 181, 199, 46, 68, 15, 85, 83, 129, 12, 31, 25, 60, 73, 153, 120, 177, 57, 92, 193, 58, 80, 70, 93, 144, 35, 63, 48, 71
120, 123, 118, 34, 14, 58, 6, 44, 199, 63, 69, 50, 195, 68, 75, 92, 100, 163, 71, 188, 48, 54, 186, 26, 134, 132, 131, 73, 27, 173, 149, 139, 109, 17, 128, 56, 99, 97, 119, 105, 165, 108, 67, 170, 174, 53, 80, 175, 30, 88, 138, 12, 20, 40, 93, 197, 147, 156, 104, 193
9, 177, 188, 144, 10, 145, 46, 22, 29, 99, 26, 24, 125, 63, 114, 91, 151, 5, 103, 129, 194, 189, 137, 76, 166, 117, 134, 41, 49, 160, 7, 59, 173, 148, 128, 53, 197, 159, 38, 50, 200, 127, 110, 72, 36, 87, 140, 123, 104, 170, 116, 105, 40, 77, 61, 136, 130, 196, 167, 193
111, 4, 47, 44, 64, 199, 155, 191, 179, 120, 118, 26, 167, 88, 142, 125, 18, 145, 10, 200, 159, 34, 72, 19, 86, 24, 87, 6, 181, 186, 157, 33, 171, 153, 166, 70, 48, 194, 14, 37, 119, 51, 100, 198, 82, 156, 192, 113, 2, 15, 11, 126, 143, 85, 103, 131, 36, 22, 89, 130
35, 68, 65, 45, 183, 181, 130, 194, 76, 20, 75, 63, 84, 21, 81, 121, 178, 191, 186, 172, 62, 90, 160, 31, 88, 27, 117, 6, 29, 139, 167, 153, 94, 150, 154, 166, 106, 1, 24, 43, 119, 9, 125, 110, 188, 17, 61, 14, 113, 69, 185, 184, 115, 70, 175, 85, 109, 67, 112, 147
23, 59, 45, 160, 3, 127, 62, 78, 86, 32, 13, 181, 54, 28, 102, 111, 49, 18, 186, 63, 20, 104, 118, 182, 57, 144, 157, 105, 69, 75, 52, 139, 34, 197, 200, 110, 71, 103, 125, 101, 10, 128, 133, 163, 76, 83, 30, 119, 123, 120, 108, 112, 121, 151, 143, 66, 39, 17, 168, 98
110, 187, 33, 35, 112, 148, 53, 200, 54, 58, 184, 117, 19, 151, 7, 65, 81, 66, 109, 118, 169, 145, 63, 92, 71, 1, 78, 192, 101, 67, 5, 108, 161, 144, 193, 159, 40, 143, 39, 102, 186, 135, 8, 199, 179, 172, 153, 31, 178, 152, 85, 89, 123, 57, 195, 96, 22, 154, 51, 23
140, 28, 132, 58, 59, 192, 57, 6, 170, 97, 43, 73, 72, 103, 95, 199, 108, 164, 36, 107, 3, 184, 80, 178, 145, 125, 136, 50, 62, 34, 151, 98, 48, 79, 194, 156, 81, 14, 4, 154, 75, 60, 46, 85, 7, 188, 1, 45, 94, 174, 134, 92, 115, 30, 196, 63, 190, 172, 22, 90
6, 15, 143, 174, 197, 106, 50, 172, 36, 163, 112, 183, 117, 122, 130, 75, 55, 92, 85, 69, 39, 133, 14, 165, 121, 19, 11, 180, 114, 32, 153, 135, 54, 186, 80, 141, 63, 194, 20, 190, 2, 192, 22, 3, 8, 139, 95, 166, 53, 185, 41, 149, 158, 51, 44, 17, 72, 182, 61, 187
33, 141, 49, 25, 77, 54, 196, 139, 123, 158, 50, 115, 199, 113, 62, 186, 39, 101, 18, 138, 91, 17, 147, 119, 63, 57, 155, 135, 68, 30, 110, 197, 93, 61, 34, 44, 162, 21, 88, 100, 5, 48, 19, 75, 65, 36, 192, 170, 72, 112, 109, 198, 150, 184, 102, 97, 52, 131, 66, 152
115, 170, 158, 52, 197, 26, 106, 166, 178, 98, 28, 70, 46, 142, 152, 3, 161, 131, 137, 54, 163, 114, 143, 110, 56, 176, 16, 13, 184, 80, 39, 195, 104, 173, 72, 102, 121, 17, 101, 94, 41, 11, 99, 164, 129, 86, 180, 87, 37, 177, 88, 19, 199, 169, 58, 193, 42, 30, 51, 7
195, 69, 40, 121, 125, 86, 150, 132, 4, 27, 137, 97, 196, 70, 147, 167, 113, 62, 8, 89, 155, 173, 65, 74, 73, 163, 98, 79, 128, 200, 115, 57, 156, 11, 179, 85, 88, 43, 184, 36, 148, 178, 31, 3, 153, 34, 66, 81, 116, 51, 111, 53, 131, 7, 50, 186, 105, 160, 13, 114
76, 100, 63, 138, 123, 64, 73, 139, 11, 17, 67, 173, 130, 80, 44, 184, 190, 171, 112, 194, 32, 168, 43, 147, 127, 126, 115, 33, 143, 5, 104, 47, 20, 1, 39, 106, 148, 164, 7, 37, 4, 85, 132, 151, 27, 79, 72, 166, 134, 102, 50, 129, 93, 133, 68, 137, 180, 48, 62, 86
150, 42, 95, 4, 158, 140, 48, 9, 112, 37, 142, 50, 106, 102, 172, 187, 131, 17, 14, 30, 75, 94, 80, 71, 200, 60, 170, 99, 2, 65, 16, 117, 46, 195, 93, 6, 135, 125, 156, 147, 199, 73, 194, 185, 192, 157, 70, 132, 137, 120, 97, 186, 53, 68, 58, 27, 171, 26, 110, 149
6, 83, 36, 64, 76, 115, 84, 140, 98, 191, 35, 128, 195, 91, 152, 133, 37, 67, 187, 134, 185, 72, 155, 109, 82, 188, 190, 14, 114, 162, 94, 142, 58, 80, 34, 168, 163, 182, 172, 151, 107, 166, 54, 74, 89, 26, 158, 111, 95, 3, 181, 7, 178, 50, 137, 150, 47, 179, 78, 81
167, 48, 176, 71, 9, 197, 152, 166, 20, 131, 88, 116, 56, 86, 155, 148, 184, 1, 164, 154, 177, 32, 130, 68, 11, 29, 75, 141, 156, 33, 21, 80, 51, 91, 135, 158, 60, 28, 92, 119, 106, 163, 198, 178, 174, 133, 100, 153, 34, 72, 120, 112, 76, 61, 59, 10, 125, 170, 39, 13
4, 7, 45, 195, 21, 106, 13, 26, 153, 86, 177, 32, 63, 85, 127, 112, 64, 188, 136, 44, 171, 2, 175, 16, 170, 11, 121, 22, 192, 167, 111, 58, 65, 18, 165, 31, 132, 156, 9, 122, 152, 67, 40, 128, 151, 34, 179, 181, 59, 145, 61, 57, 76, 147, 115, 6, 10, 197, 186, 92
78, 21, 28, 36, 69, 149, 77, 50, 186, 157, 62, 165, 86, 22, 102, 34, 158, 163, 11, 148, 197, 200, 57, 8, 140, 49, 15, 56, 40, 13, 151, 105, 125, 5, 108, 122, 124, 17, 144, 75, 84, 198, 95, 199, 194, 48, 112, 98, 162, 146, 175, 188, 63, 106, 173, 185, 182, 166, 103, 42
10, 37, 11, 70, 7, 167, 58, 20, 1, 131, 88, 130, 9, 34, 151, 94, 175, 57, 195, 50, 199, 142, 108, 91, 125, 22, 83, 84, 45, 67, 111, 124, 179, 105, 73, 198, 101, 63, 51, 189, 173, 185, 74, 61, 49, 41, 133, 71, 42, 129, 33, 32, 200, 191, 29, 112, 145, 54, 8, 166
101, 44, 26, 92, 6, 125, 61, 177, 167, 184, 15, 130, 70, 133, 82, 117, 13, 135, 50, 186, 67, 188, 145, 134, 194, 144, 161, 41, 138, 65, 122, 87, 160, 171, 185, 183, 88, 182, 21, 86, 95, 106, 172, 25, 52, 107, 195, 1, 2, 174, 73, 39, 63, 109, 5, 37, 55, 16, 36, 56
144, 154, 99, 125, 32, 64, 73, 27, 105, 98, 13, 159, 36, 39, 63, 189, 200, 24, 139, 84, 3, 183, 78, 17, 113, 57, 2, 131, 89, 167, 25, 142, 83, 55, 196, 122, 97, 197, 12, 143, 14, 119, 121, 169, 8, 117, 103, 26, 160, 30, 178, 195, 111, 7, 81, 56, 31, 10, 179, 173
62, 171, 28, 98, 94, 73, 141, 38, 151, 199, 31, 143, 46, 189, 153, 138, 178, 132, 122, 194, 24, 182, 128, 19, 72, 61, 184, 170, 166, 15, 91, 59, 131, 9, 124, 3, 113, 109, 157, 188, 158, 97, 200, 179, 154, 39, 53, 34, 41, 136, 93, 84, 54, 25, 187, 96, 146, 12, 163, 77
93, 60, 14, 50, 77, 116, 126, 55, 183, 52, 44, 25, 194, 20, 46, 99, 157, 151, 103, 192, 134, 43, 37, 91, 70, 10, 164, 45, 94, 131, 129, 33, 110, 119, 169, 109, 21, 179, 74, 145, 80, 161, 141, 3, 34, 117, 96, 140, 59, 41, 26, 188, 61, 137, 82, 27, 186, 166, 149, 190
175, 141, 144, 71, 153, 60, 185, 120, 197, 54, 85, 146, 183, 18, 94, 79, 16, 157, 21, 13, 5, 170, 126, 172, 67, 187, 37, 89, 159, 1, 119, 11, 117, 196, 97, 9, 127, 48, 6, 174, 2, 64, 113, 10, 136, 121, 199, 128, 190, 102, 186, 72, 179, 194, 63, 88, 184, 168, 12, 30
103, 54, 93, 86, 159, 174, 181, 192, 100, 132, 146, 20, 4, 125, 138, 55, 137, 60, 194, 82, 136, 12, 187, 160, 134, 27, 117, 178, 122, 109, 81, 179, 190, 176, 169, 21, 58, 157, 11, 127, 56, 195, 2, 130, 88, 173, 68, 41, 162, 197, 10, 151, 149, 172, 183, 35, 191, 164, 3, 18
161, 166, 11, 190, 6, 187, 37, 102, 53, 183, 98, 14, 62, 179, 96, 12, 200, 198, 52, 74, 192, 45, 124, 39, 135, 89, 97, 145, 82, 194, 174, 185, 21, 83, 23, 46, 193, 94, 90, 58, 92, 57, 10, 164, 158, 177, 106, 172, 33, 188, 129, 107, 87, 24, 1, 35, 19, 105, 65, 26
89, 143, 199, 107, 192, 49, 198, 69, 57, 24, 145, 130, 185, 133, 54, 197, 44, 67, 155, 191, 50, 123, 144, 48, 138, 176, 108, 140, 160, 53, 94, 105, 151, 76, 32, 142, 99, 189, 20, 163, 66, 15, 126, 93, 55, 62, 70, 33, 166, 125, 37, 3, 148, 78, 114, 27, 36, 190, 112, 39
104, 55, 151, 127, 124, 71, 69, 14, 77, 22, 58, 48, 32, 144, 102, 41, 111, 80, 33, 46, 150, 125, 148, 85, 67, 183, 8, 123, 160, 135, 159, 74, 4, 37, 145, 141, 161, 40, 116, 31, 112, 81, 107, 164, 84, 137, 136, 17, 126, 129, 27, 170, 186, 168, 51, 118, 187, 177, 185, 72
83, 109, 199, 163, 124, 29, 149, 100, 87, 47, 20, 123, 106, 105, 110, 143, 129, 2, 151, 38, 182, 7, 53, 42, 88, 13, 152, 159, 17, 43, 148, 93, 127, 96, 11, 98, 187, 134, 193, 15, 94, 165, 22, 115, 192, 16, 198, 79, 72, 122, 104, 45, 23, 145, 118, 132, 30, 142, 125, 113
93, 198, 19, 127, 195, 183, 6, 155, 168, 147, 61, 123, 190, 178, 85, 137, 102, 126, 22, 194, 24, 191, 78, 145, 88, 48, 104, 125, 13, 119, 44, 131, 66, 153, 148, 141, 40, 51, 71, 146, 76, 18, 192, 63, 73, 28, 171, 1, 181, 99, 23, 149, 32, 170, 110, 118, 174, 115, 189, 182
69, 111, 70, 18, 132, 138, 91, 74, 25, 64, 4, 181, 79, 124, 22, 32, 159, 169, 55, 104, 107, 127, 165, 15, 125, 167, 43, 99, 105, 94, 185, 71, 68, 92, 112, 179, 176, 128, 48, 141, 149, 52, 57, 63, 53, 84, 140, 198, 59, 87, 136, 120, 119, 21, 194, 186, 151, 14, 184, 155
84, 50, 62, 107, 17, 98, 136, 145, 160, 77, 64, 185, 68, 157, 192, 128, 14, 168, 9, 5, 186, 71, 137, 79, 155, 171, 20, 178, 21, 13, 115, 146, 193, 85, 195, 81, 25, 135, 55, 82, 80, 19, 121, 176, 29, 61, 113, 16, 173, 152, 6, 180, 129, 33, 30, 8, 133, 91, 122, 35
90, 148, 133, 96, 159, 125, 69, 120, 58, 43, 79, 173, 122, 21, 32, 93, 76, 112, 84, 200, 130, 168, 172, 26, 17, 7, 188, 60, 85, 4, 196, 141, 187, 101, 87, 136, 128, 191, 50, 137, 199, 98, 115, 2, 114, 184, 91, 35, 94, 77, 88, 16, 106, 30, 74, 15, 28, 142, 89, 171
8, 191, 102, 190, 89, 118, 49, 81, 179, 200, 9, 185, 122, 55, 74, 121, 193, 103, 11, 62, 93, 53, 105, 194, 3, 38, 199, 177, 24, 32, 13, 16, 52, 139, 37, 197, 21, 33, 28, 160, 198, 77, 110, 147, 163, 107, 181, 17, 158, 168, 36, 46, 20, 164, 98, 95, 51, 106, 44, 84
84, 149, 67, 89, 56, 117, 44, 59, 180, 81, 195, 133, 91, 35, 193, 137, 66, 132, 127, 118, 116, 90, 93, 147, 182, 154, 70, 166, 41, 80, 191, 31, 69, 99, 8, 12, 3, 148, 190, 151, 61, 60, 121, 75, 42, 87, 85, 51, 38, 178, 106, 131, 73, 192, 65, 101, 5, 135, 124, 198
109, 168, 8, 149, 12, 132, 166, 184, 142, 15, 30, 3, 27, 130, 131, 16, 29, 153, 161, 150, 195, 128, 25, 114, 110, 64, 53, 137, 62, 22, 104, 165, 121, 144, 192, 5, 75, 65, 129, 11, 83, 31, 178, 199, 145, 96, 191, 125, 200, 159, 34, 26, 48, 57, 41, 160, 186, 2, 10, 33
104, 162, 142, 84, 76, 20, 109, 187, 62, 96, 143, 13, 111, 112, 34, 126, 94, 52, 98, 102, 12, 105, 190, 77, 149, 117, 19, 139, 4, 67, 46, 14, 59, 123, 91, 159, 16, 108, 135, 95, 177, 146, 1, 178, 119, 100, 138, 164, 75, 113, 22, 47, 131, 92, 48, 44, 31, 50, 170, 196